time,control,rewards,presence,x,y,vx,vy
845.7410118579865,1.0,0.8,1.0,183.47259521484375,0.0,20.0,0.0
845.7410118579865,1.0,0.8,1.0,290.30682373046875,8.0,20.0,0.0
845.7410118579865,1.0,0.8,1.0,321.1208190917969,0.0,20.0,0.0
845.7410118579865,1.0,0.8,1.0,348.7685546875,4.0,20.0,0.0
845.7410118579865,1.0,0.8,1.0,378.1747131347656,0.0,20.0,0.0
845.7410118579865,1.0,0.8,1.0,406.1507568359375,4.0,20.0,0.0
845.7410118579865,1.0,0.8,1.0,437.9561767578125,0.0,20.0,0.0
845.7410118579865,1.0,0.8,1.0,468.5210876464844,4.0,20.0,0.0
845.7410118579865,1.0,0.8,1.0,500.73876953125,8.0,20.0,0.0
845.7410118579865,1.0,0.8,1.0,529.0467529296875,4.0,20.0,0.0
845.9484620094299,1.0,1.6,1.0,187.47259521484375,0.0,20.0,0.0
845.9484620094299,1.0,1.6,1.0,294.30682373046875,8.0,20.0,0.0
845.9484620094299,1.0,1.6,1.0,325.1208190917969,0.0,20.0,0.0
845.9484620094299,1.0,1.6,1.0,352.7685546875,4.0,20.0,0.0
845.9484620094299,1.0,1.6,1.0,382.1747131347656,0.0,20.0,0.0
845.9484620094299,1.0,1.6,1.0,410.1507568359375,4.0,20.0,0.0
845.9484620094299,1.0,1.6,1.0,441.9561767578125,0.0,20.0,0.0
845.9484620094299,1.0,1.6,1.0,472.5210876464844,4.0,20.0,0.0
845.9484620094299,1.0,1.6,1.0,504.73876953125,8.0,20.0,0.0
845.9484620094299,1.0,1.6,1.0,533.0467529296875,4.0,20.0,0.0
846.1460618972778,1.0,2.4000000000000004,1.0,191.47259521484375,0.0,20.0,0.0
846.1460618972778,1.0,2.4000000000000004,1.0,298.30682373046875,8.0,20.0,0.0
846.1460618972778,1.0,2.4000000000000004,1.0,329.1208190917969,0.0,20.0,0.0
846.1460618972778,1.0,2.4000000000000004,1.0,356.7685546875,4.0,20.0,0.0
846.1460618972778,1.0,2.4000000000000004,1.0,386.1747131347656,0.0,20.0,0.0
846.1460618972778,1.0,2.4000000000000004,1.0,414.1507568359375,4.0,20.0,0.0
846.1460618972778,1.0,2.4000000000000004,1.0,445.9561767578125,0.0,20.0,0.0
846.1460618972778,1.0,2.4000000000000004,1.0,476.5210876464844,4.0,20.0,0.0
846.1460618972778,1.0,2.4000000000000004,1.0,508.73876953125,8.0,20.0,0.0
846.1460618972778,1.0,2.4000000000000004,1.0,537.0467529296875,4.0,20.0,0.0
846.3391976356506,1.0,3.2,1.0,195.47259521484375,0.0,20.0,0.0
846.3391976356506,1.0,3.2,1.0,302.30682373046875,8.0,20.0,0.0
846.3391976356506,1.0,3.2,1.0,333.1208190917969,0.0,20.0,0.0
846.3391976356506,1.0,3.2,1.0,360.7685546875,4.0,20.0,0.0
846.3391976356506,1.0,3.2,1.0,390.1747131347656,0.0,20.0,0.0
846.3391976356506,1.0,3.2,1.0,418.1507568359375,4.0,20.0,0.0
846.3391976356506,1.0,3.2,1.0,449.9561767578125,0.0,20.0,0.0
846.3391976356506,1.0,3.2,1.0,480.5210876464844,4.0,20.0,0.0
846.3391976356506,1.0,3.2,1.0,512.73876953125,8.0,20.0,0.0
846.3391976356506,1.0,3.2,1.0,541.0467529296875,4.0,20.0,0.0
846.5476863384247,1.0,4.0,1.0,199.47259521484375,0.0,20.0,0.0
846.5476863384247,1.0,4.0,1.0,306.30682373046875,8.0,20.0,0.0
846.5476863384247,1.0,4.0,1.0,337.1208190917969,0.0,20.0,0.0
846.5476863384247,1.0,4.0,1.0,364.7685546875,4.0,20.0,0.0
846.5476863384247,1.0,4.0,1.0,394.1747131347656,0.0,20.0,0.0
846.5476863384247,1.0,4.0,1.0,422.1507568359375,4.0,20.0,0.0
846.5476863384247,1.0,4.0,1.0,453.9561767578125,0.0,20.0,0.0
846.5476863384247,1.0,4.0,1.0,484.5210876464844,4.0,20.0,0.0
846.5476863384247,1.0,4.0,1.0,516.73876953125,8.0,20.0,0.0
846.5476863384247,1.0,4.0,1.0,545.0467529296875,4.0,20.0,0.0
846.7437870502472,3.0,4.8,1.0,203.47259521484375,0.0,20.0,0.0
846.7437870502472,3.0,4.8,1.0,310.30682373046875,8.0,20.0,0.0
846.7437870502472,3.0,4.8,1.0,341.1208190917969,0.0,20.0,0.0
846.7437870502472,3.0,4.8,1.0,368.7685546875,4.0,20.0,0.0
846.7437870502472,3.0,4.8,1.0,398.1747131347656,0.0,20.0,0.0
846.7437870502472,3.0,4.8,1.0,426.1507568359375,4.0,20.0,0.0
846.7437870502472,3.0,4.8,1.0,457.9561767578125,0.0,20.0,0.0
846.7437870502472,3.0,4.8,1.0,488.5210876464844,4.0,20.0,0.0
846.7437870502472,3.0,4.8,1.0,520.73876953125,8.0,20.0,0.0
846.7437870502472,3.0,4.8,1.0,549.0467529296875,4.0,20.0,0.0
846.9393215179443,3.0,6.6,1.0,208.13926696777344,0.0,30.0,0.0
846.9393215179443,3.0,6.6,1.0,314.30682373046875,8.0,20.0,0.0
846.9393215179443,3.0,6.6,1.0,345.1208190917969,0.0,20.0,0.0
846.9393215179443,3.0,6.6,1.0,372.7685546875,4.0,20.0,0.0
846.9393215179443,3.0,6.6,1.0,402.1747131347656,0.0,20.0,0.0
846.9393215179443,3.0,6.6,1.0,430.1507568359375,4.0,20.0,0.0
846.9393215179443,3.0,6.6,1.0,461.9561767578125,0.0,20.0,0.0
846.9393215179443,3.0,6.6,1.0,492.5210876464844,4.0,20.0,0.0
846.9393215179443,3.0,6.6,1.0,524.73876953125,8.0,20.0,0.0
846.9393215179443,3.0,6.6,1.0,553.0467529296875,4.0,20.0,0.0
847.1430358886719,3.0,9.8,1.0,214.80592346191406,0.0,40.0,0.0
847.1430358886719,3.0,9.8,1.0,318.30682373046875,8.0,20.0,0.0
847.1430358886719,3.0,9.8,1.0,349.1208190917969,0.0,20.0,0.0
847.1430358886719,3.0,9.8,1.0,376.7685546875,4.0,20.0,0.0
847.1430358886719,3.0,9.8,1.0,406.1747131347656,0.0,20.0,0.0
847.1430358886719,3.0,9.8,1.0,434.1507568359375,4.0,20.0,0.0
847.1430358886719,3.0,9.8,1.0,465.9561767578125,0.0,20.0,0.0
847.1430358886719,3.0,9.8,1.0,496.5210876464844,4.0,20.0,0.0
847.1430358886719,3.0,9.8,1.0,528.73876953125,8.0,20.0,0.0
847.1430358886719,3.0,9.8,1.0,557.0467529296875,4.0,20.0,0.0
847.3377003669739,1.0,14.800000000000002,1.0,223.47259521484375,0.0,50.0,0.0
847.3377003669739,1.0,14.800000000000002,1.0,322.9735107421875,8.0,25.0,0.0
847.3377003669739,1.0,14.800000000000002,1.0,353.1208190917969,0.0,20.0,0.0
847.3377003669739,1.0,14.800000000000002,1.0,380.7685546875,4.0,20.0,0.0
847.3377003669739,1.0,14.800000000000002,1.0,410.1747131347656,0.0,20.0,0.0
847.3377003669739,1.0,14.800000000000002,1.0,438.1507568359375,4.0,20.0,0.0
847.3377003669739,1.0,14.800000000000002,1.0,469.9561767578125,0.0,20.0,0.0
847.3377003669739,1.0,14.800000000000002,1.0,500.5210876464844,4.0,20.0,0.0
847.3377003669739,1.0,14.800000000000002,1.0,533.4054565429688,8.0,25.0,0.0
847.3377003669739,1.0,14.800000000000002,1.0,561.0467529296875,4.0,20.0,0.0
847.5358173847198,1.0,19.800000000000004,1.0,233.47259521484375,0.0,50.0,0.0
847.5358173847198,1.0,19.800000000000004,1.0,327.9735107421875,8.0,25.0,0.0
847.5358173847198,1.0,19.800000000000004,1.0,357.1208190917969,0.0,20.0,0.0
847.5358173847198,1.0,19.800000000000004,1.0,384.7685546875,4.0,20.0,0.0
847.5358173847198,1.0,19.800000000000004,1.0,414.1747131347656,0.0,20.0,0.0
847.5358173847198,1.0,19.800000000000004,1.0,442.1507568359375,4.0,20.0,0.0
847.5358173847198,1.0,19.800000000000004,1.0,473.9561767578125,0.0,20.0,0.0
847.5358173847198,1.0,19.800000000000004,1.0,504.5210876464844,4.0,20.0,0.0
847.5358173847198,1.0,19.800000000000004,1.0,538.4054565429688,8.0,25.0,0.0
847.5358173847198,1.0,19.800000000000004,1.0,565.0467529296875,4.0,20.0,0.0
847.7289497852325,1.0,24.800000000000004,1.0,243.47259521484375,0.0,50.0,0.0
847.7289497852325,1.0,24.800000000000004,1.0,332.9735107421875,8.0,25.0,0.0
847.7289497852325,1.0,24.800000000000004,1.0,361.1208190917969,0.0,20.0,0.0
847.7289497852325,1.0,24.800000000000004,1.0,389.4352111816406,4.0,25.0,0.0
847.7289497852325,1.0,24.800000000000004,1.0,418.1747131347656,0.0,20.0,0.0
847.7289497852325,1.0,24.800000000000004,1.0,446.8174133300781,4.0,25.0,0.0
847.7289497852325,1.0,24.800000000000004,1.0,477.9561767578125,0.0,20.0,0.0
847.7289497852325,1.0,24.800000000000004,1.0,509.187744140625,4.0,25.0,0.0
847.7289497852325,1.0,24.800000000000004,1.0,543.4054565429688,8.0,25.0,0.0
847.7289497852325,1.0,24.800000000000004,1.0,569.71337890625,4.0,25.0,0.0
847.9392583370209,1.0,29.800000000000004,1.0,253.47259521484375,0.0,50.0,0.0
847.9392583370209,1.0,29.800000000000004,1.0,337.9735107421875,8.0,25.0,0.0
847.9392583370209,1.0,29.800000000000004,1.0,365.1208190917969,0.0,20.0,0.0
847.9392583370209,1.0,29.800000000000004,1.0,394.4352111816406,4.0,25.0,0.0
847.9392583370209,1.0,29.800000000000004,1.0,422.1747131347656,0.0,20.0,0.0
847.9392583370209,1.0,29.800000000000004,1.0,451.8174133300781,4.0,25.0,0.0
847.9392583370209,1.0,29.800000000000004,1.0,481.9561767578125,0.0,20.0,0.0
847.9392583370209,1.0,29.800000000000004,1.0,514.187744140625,4.0,25.0,0.0
847.9392583370209,1.0,29.800000000000004,1.0,548.4054565429688,8.0,25.0,0.0
847.9392583370209,1.0,29.800000000000004,1.0,574.71337890625,4.0,25.0,0.0
848.1324315071106,3.0,34.800000000000004,1.0,263.47259521484375,0.0,50.0,0.0
848.1324315071106,3.0,34.800000000000004,1.0,342.9735107421875,8.0,25.0,0.0
848.1324315071106,3.0,34.800000000000004,1.0,369.1208190917969,0.0,20.0,0.0
848.1324315071106,3.0,34.800000000000004,1.0,399.4352111816406,4.0,25.0,0.0
848.1324315071106,3.0,34.800000000000004,1.0,426.1747131347656,0.0,20.0,0.0
848.1324315071106,3.0,34.800000000000004,1.0,456.8174133300781,4.0,25.0,0.0
848.1324315071106,3.0,34.800000000000004,1.0,485.9561767578125,0.0,20.0,0.0
848.1324315071106,3.0,34.800000000000004,1.0,519.187744140625,4.0,25.0,0.0
848.1324315071106,3.0,34.800000000000004,1.0,553.4054565429688,8.0,25.0,0.0
848.1324315071106,3.0,34.800000000000004,1.0,579.71337890625,4.0,25.0,0.0
848.3343095779419,1.0,42.00000000000001,1.0,274.1392517089844,0.0,60.0,0.0
848.3343095779419,1.0,42.00000000000001,1.0,347.9735107421875,8.0,25.0,0.0
848.3343095779419,1.0,42.00000000000001,1.0,373.1208190917969,0.0,20.0,0.0
848.3343095779419,1.0,42.00000000000001,1.0,404.4352111816406,4.0,25.0,0.0
848.3343095779419,1.0,42.00000000000001,1.0,430.1747131347656,0.0,20.0,0.0
848.3343095779419,1.0,42.00000000000001,1.0,461.8174133300781,4.0,25.0,0.0
848.3343095779419,1.0,42.00000000000001,1.0,489.9561767578125,0.0,20.0,0.0
848.3343095779419,1.0,42.00000000000001,1.0,524.187744140625,4.0,25.0,0.0
848.3343095779419,1.0,42.00000000000001,1.0,558.4054565429688,8.0,25.0,0.0
848.3343095779419,1.0,42.00000000000001,1.0,584.71337890625,4.0,25.0,0.0
848.5320239067078,1.0,49.20000000000001,1.0,286.1392517089844,0.0,60.0,0.0
848.5320239067078,1.0,49.20000000000001,1.0,353.6401672363281,8.0,30.0,0.0
848.5320239067078,1.0,49.20000000000001,1.0,377.7874755859375,0.0,25.0,0.0
848.5320239067078,1.0,49.20000000000001,1.0,409.4352111816406,4.0,25.0,0.0
848.5320239067078,1.0,49.20000000000001,1.0,434.84136962890625,0.0,25.0,0.0
848.5320239067078,1.0,49.20000000000001,1.0,466.8174133300781,4.0,25.0,0.0
848.5320239067078,1.0,49.20000000000001,1.0,494.6228332519531,0.0,25.0,0.0
848.5320239067078,1.0,49.20000000000001,1.0,529.187744140625,4.0,25.0,0.0
848.5320239067078,1.0,49.20000000000001,1.0,564.0720825195312,8.0,30.0,0.0
848.5320239067078,1.0,49.20000000000001,1.0,589.71337890625,4.0,25.0,0.0
848.7332484722137,1.0,56.40000000000001,1.0,298.1392517089844,0.0,60.0,0.0
848.7332484722137,1.0,56.40000000000001,1.0,359.6401672363281,8.0,30.0,0.0
848.7332484722137,1.0,56.40000000000001,1.0,382.7874755859375,0.0,25.0,0.0
848.7332484722137,1.0,56.40000000000001,1.0,414.4352111816406,4.0,25.0,0.0
848.7332484722137,1.0,56.40000000000001,1.0,439.84136962890625,0.0,25.0,0.0
848.7332484722137,1.0,56.40000000000001,1.0,471.8174133300781,4.0,25.0,0.0
848.7332484722137,1.0,56.40000000000001,1.0,499.6228332519531,0.0,25.0,0.0
848.7332484722137,1.0,56.40000000000001,1.0,534.187744140625,4.0,25.0,0.0
848.7332484722137,1.0,56.40000000000001,1.0,570.0720825195312,8.0,30.0,0.0
848.7332484722137,1.0,56.40000000000001,1.0,594.71337890625,4.0,25.0,0.0
848.9287152290344,1.0,63.600000000000016,1.0,310.1392517089844,0.0,60.0,0.0
848.9287152290344,1.0,63.600000000000016,1.0,365.6401672363281,8.0,30.0,0.0
848.9287152290344,1.0,63.600000000000016,1.0,387.7874755859375,0.0,25.0,0.0
848.9287152290344,1.0,63.600000000000016,1.0,419.4352111816406,4.0,25.0,0.0
848.9287152290344,1.0,63.600000000000016,1.0,444.84136962890625,0.0,25.0,0.0
848.9287152290344,1.0,63.600000000000016,1.0,476.8174133300781,4.0,25.0,0.0
848.9287152290344,1.0,63.600000000000016,1.0,504.6228332519531,0.0,25.0,0.0
848.9287152290344,1.0,63.600000000000016,1.0,539.187744140625,4.0,25.0,0.0
848.9287152290344,1.0,63.600000000000016,1.0,576.0720825195312,8.0,30.0,0.0
848.9287152290344,1.0,63.600000000000016,1.0,599.71337890625,4.0,25.0,0.0
849.130024433136,2.0,70.80000000000003,1.0,322.00250244140625,1.6928799152374268,58.71055603027344,12.372169494628906
849.130024433136,2.0,70.80000000000003,1.0,370.9735107421875,8.0,25.0,0.0
849.130024433136,2.0,70.80000000000003,1.0,392.7874755859375,0.0,25.0,0.0
849.130024433136,2.0,70.80000000000003,1.0,424.4352111816406,4.0,25.0,0.0
849.130024433136,2.0,70.80000000000003,1.0,449.84136962890625,0.0,25.0,0.0
849.130024433136,2.0,70.80000000000003,1.0,481.8174133300781,4.0,25.0,0.0
849.130024433136,2.0,70.80000000000003,1.0,509.6228332519531,0.0,25.0,0.0
849.130024433136,2.0,70.80000000000003,1.0,544.187744140625,4.0,25.0,0.0
849.130024433136,2.0,70.80000000000003,1.0,581.4054565429688,8.0,25.0,0.0
849.130024433136,2.0,70.80000000000003,1.0,604.71337890625,4.0,25.0,0.0
849.3297834396362,1.0,78.00000000000003,1.0,333.8027038574219,3.8583343029022217,59.423057556152344,8.300616264343262
849.3297834396362,1.0,78.00000000000003,1.0,375.30682373046875,8.0,20.0,0.0
849.3297834396362,1.0,78.00000000000003,1.0,397.7874755859375,0.0,25.0,0.0
849.3297834396362,1.0,78.00000000000003,1.0,429.4352111816406,4.0,25.0,0.0
849.3297834396362,1.0,78.00000000000003,1.0,454.84136962890625,0.0,25.0,0.0
849.3297834396362,1.0,78.00000000000003,1.0,486.8174133300781,4.0,25.0,0.0
849.3297834396362,1.0,78.00000000000003,1.0,514.622802734375,0.0,25.0,0.0
849.3297834396362,1.0,78.00000000000003,1.0,549.187744140625,4.0,25.0,0.0
849.3297834396362,1.0,78.00000000000003,1.0,585.73876953125,8.0,20.0,0.0
849.3297834396362,1.0,78.00000000000003,1.0,609.71337890625,4.0,25.0,0.0
849.5320427417755,1.0,85.20000000000003,1.0,345.7651672363281,4.7256245613098145,59.98712158203125,1.243032693862915
849.5320427417755,1.0,85.20000000000003,1.0,379.30682373046875,8.0,20.0,0.0
849.5320427417755,1.0,85.20000000000003,1.0,402.7874755859375,0.0,25.0,0.0
849.5320427417755,1.0,85.20000000000003,1.0,434.4352111816406,4.0,25.0,0.0
849.5320427417755,1.0,85.20000000000003,1.0,459.84136962890625,0.0,25.0,0.0
849.5320427417755,1.0,85.20000000000003,1.0,491.8174133300781,4.0,25.0,0.0
849.5320427417755,1.0,85.20000000000003,1.0,519.622802734375,0.0,25.0,0.0
849.5320427417755,1.0,85.20000000000003,1.0,554.187744140625,4.0,25.0,0.0
849.5320427417755,1.0,85.20000000000003,1.0,589.73876953125,8.0,20.0,0.0
849.5320427417755,1.0,85.20000000000003,1.0,614.71337890625,4.0,25.0,0.0
849.7222702503204,1.0,92.40000000000003,1.0,357.7625427246094,4.544003009796143,59.96292495727539,-2.108971357345581
849.7222702503204,1.0,92.40000000000003,1.0,383.30682373046875,8.0,20.0,0.0
849.7222702503204,1.0,92.40000000000003,1.0,407.7874755859375,0.0,25.0,0.0
849.7222702503204,1.0,92.40000000000003,1.0,439.4352111816406,4.0,25.0,0.0
849.7222702503204,1.0,92.40000000000003,1.0,464.84136962890625,0.0,25.0,0.0
849.7222702503204,1.0,92.40000000000003,1.0,496.8174133300781,4.0,25.0,0.0
849.7222702503204,1.0,92.40000000000003,1.0,524.622802734375,0.0,25.0,0.0
849.7222702503204,1.0,92.40000000000003,1.0,559.187744140625,4.0,25.0,0.0
849.7222702503204,1.0,92.40000000000003,1.0,593.73876953125,8.0,20.0,0.0
849.7222702503204,1.0,92.40000000000003,1.0,619.71337890625,4.0,25.0,0.0
849.9222066402435,1.0,99.60000000000004,1.0,369.7547302246094,4.112276554107666,59.970672607421875,-1.875761866569519
849.9222066402435,1.0,99.60000000000004,1.0,387.30682373046875,8.0,20.0,0.0
849.9222066402435,1.0,99.60000000000004,1.0,412.7874755859375,0.0,25.0,0.0
849.9222066402435,1.0,99.60000000000004,1.0,444.4352111816406,4.0,25.0,0.0
849.9222066402435,1.0,99.60000000000004,1.0,469.84136962890625,0.0,25.0,0.0
849.9222066402435,1.0,99.60000000000004,1.0,501.8174133300781,4.0,25.0,0.0
849.9222066402435,1.0,99.60000000000004,1.0,529.622802734375,0.0,25.0,0.0
849.9222066402435,1.0,99.60000000000004,1.0,564.187744140625,4.0,25.0,0.0
849.9222066402435,1.0,99.60000000000004,1.0,597.73876953125,8.0,20.0,0.0
849.9222066402435,1.0,99.60000000000004,1.0,624.71337890625,4.0,25.0,0.0
850.1291143894196,1.0,106.80000000000004,1.0,381.7523193359375,3.883063554763794,59.997684478759766,-0.527118444442749
850.1291143894196,1.0,106.80000000000004,1.0,391.30682373046875,8.0,20.0,0.0
850.1291143894196,1.0,106.80000000000004,1.0,417.7874755859375,0.0,25.0,0.0
850.1291143894196,1.0,106.80000000000004,1.0,448.7685546875,4.0,20.0,0.0
850.1291143894196,1.0,106.80000000000004,1.0,474.84136962890625,0.0,25.0,0.0
850.1291143894196,1.0,106.80000000000004,1.0,506.1507568359375,4.0,20.0,0.0
850.1291143894196,1.0,106.80000000000004,1.0,534.622802734375,0.0,25.0,0.0
850.1291143894196,1.0,106.80000000000004,1.0,568.5210571289062,4.0,20.0,0.0
850.1291143894196,1.0,106.80000000000004,1.0,601.73876953125,8.0,20.0,0.0
850.1291143894196,1.0,106.80000000000004,1.0,629.0467529296875,4.0,20.0,0.0
850.331465959549,1.0,114.00000000000004,1.0,393.7522277832031,3.8805088996887207,59.999210357666016,0.3079454004764557
850.331465959549,1.0,114.00000000000004,1.0,395.30682373046875,8.0,20.0,0.0
850.331465959549,1.0,114.00000000000004,1.0,422.7874755859375,0.0,25.0,0.0
850.331465959549,1.0,114.00000000000004,1.0,453.4352111816406,4.0,25.0,0.0
850.331465959549,1.0,114.00000000000004,1.0,479.84136962890625,0.0,25.0,0.0
850.331465959549,1.0,114.00000000000004,1.0,510.8174133300781,4.0,25.0,0.0
850.331465959549,1.0,114.00000000000004,1.0,539.622802734375,0.0,25.0,0.0
850.331465959549,1.0,114.00000000000004,1.0,573.187744140625,4.0,25.0,0.0
850.331465959549,1.0,114.00000000000004,1.0,605.73876953125,8.0,20.0,0.0
850.331465959549,1.0,114.00000000000004,1.0,633.71337890625,4.0,25.0,0.0
850.5283389091492,1.0,121.20000000000005,1.0,405.7519836425781,3.960233449935913,59.998687744140625,0.3969140648841858
850.5283389091492,1.0,121.20000000000005,1.0,399.30682373046875,8.0,20.0,0.0
850.5283389091492,1.0,121.20000000000005,1.0,427.7874755859375,0.0,25.0,0.0
850.5283389091492,1.0,121.20000000000005,1.0,458.4352111816406,4.0,25.0,0.0
850.5283389091492,1.0,121.20000000000005,1.0,484.84136962890625,0.0,25.0,0.0
850.5283389091492,1.0,121.20000000000005,1.0,515.8174438476562,4.0,25.0,0.0
850.5283389091492,1.0,121.20000000000005,1.0,544.622802734375,0.0,25.0,0.0
850.5283389091492,1.0,121.20000000000005,1.0,578.187744140625,4.0,25.0,0.0
850.5283389091492,1.0,121.20000000000005,1.0,609.73876953125,8.0,20.0,0.0
850.5283389091492,1.0,121.20000000000005,1.0,638.71337890625,4.0,25.0,0.0
850.7271647453308,2.0,128.40000000000006,1.0,417.60791015625,5.708113193511963,58.676910400390625,12.53077507019043
850.7271647453308,2.0,128.40000000000006,1.0,432.7874755859375,0.0,25.0,0.0
850.7271647453308,2.0,128.40000000000006,1.0,464.1018981933594,4.0,30.0,0.0
850.7271647453308,2.0,128.40000000000006,1.0,489.84136962890625,0.0,25.0,0.0
850.7271647453308,2.0,128.40000000000006,1.0,521.4840698242188,4.0,30.0,0.0
850.7271647453308,2.0,128.40000000000006,1.0,549.622802734375,0.0,25.0,0.0
850.7271647453308,2.0,128.40000000000006,1.0,583.8544311523438,4.0,30.0,0.0
850.7271647453308,2.0,128.40000000000006,1.0,613.73876953125,8.0,20.0,0.0
850.7271647453308,2.0,128.40000000000006,1.0,644.3800659179688,4.0,30.0,0.0
850.7271647453308,2.0,128.40000000000006,1.0,672.2423095703125,4.0,30.0,0.0
850.9183166027069,1.0,135.60000000000008,1.0,429.4062194824219,7.8827338218688965,59.42734909057617,8.269835472106934
850.9183166027069,1.0,135.60000000000008,1.0,437.7874755859375,0.0,25.0,0.0
850.9183166027069,1.0,135.60000000000008,1.0,469.4352111816406,4.0,25.0,0.0
850.9183166027069,1.0,135.60000000000008,1.0,494.84136962890625,0.0,25.0,0.0
850.9183166027069,1.0,135.60000000000008,1.0,526.8174438476562,4.0,25.0,0.0
850.9183166027069,1.0,135.60000000000008,1.0,554.622802734375,0.0,25.0,0.0
850.9183166027069,1.0,135.60000000000008,1.0,589.187744140625,4.0,25.0,0.0
850.9183166027069,1.0,135.60000000000008,1.0,618.4054565429688,8.0,25.0,0.0
850.9183166027069,1.0,135.60000000000008,1.0,649.71337890625,4.0,25.0,0.0
850.9183166027069,1.0,135.60000000000008,1.0,677.57568359375,4.0,25.0,0.0
851.1253061294556,1.0,142.8000000000001,1.0,441.3695373535156,8.736848831176758,59.98868942260742,1.1649205684661865
851.1253061294556,1.0,142.8000000000001,1.0,442.1208190917969,0.0,20.0,0.0
851.1253061294556,1.0,142.8000000000001,1.0,474.4352111816406,4.0,25.0,0.0
851.1253061294556,1.0,142.8000000000001,1.0,499.1747131347656,0.0,20.0,0.0
851.1253061294556,1.0,142.8000000000001,1.0,531.8174438476562,4.0,25.0,0.0
851.1253061294556,1.0,142.8000000000001,1.0,558.9561767578125,0.0,20.0,0.0
851.1253061294556,1.0,142.8000000000001,1.0,594.187744140625,4.0,25.0,0.0
851.1253061294556,1.0,142.8000000000001,1.0,623.4054565429688,8.0,25.0,0.0
851.1253061294556,1.0,142.8000000000001,1.0,654.71337890625,4.0,25.0,0.0
851.1253061294556,1.0,142.8000000000001,1.0,682.57568359375,4.0,25.0,0.0
851.3225724697113,1.0,150.0000000000001,1.0,453.3667297363281,8.542951583862305,59.961429595947266,-2.1510276794433594
851.3225724697113,1.0,150.0000000000001,1.0,446.1208190917969,0.0,20.0,0.0
851.3225724697113,1.0,150.0000000000001,1.0,479.4352111816406,4.0,25.0,0.0
851.3225724697113,1.0,150.0000000000001,1.0,503.1747131347656,0.0,20.0,0.0
851.3225724697113,1.0,150.0000000000001,1.0,536.8174438476562,4.0,25.0,0.0
851.3225724697113,1.0,150.0000000000001,1.0,562.9561767578125,0.0,20.0,0.0
851.3225724697113,1.0,150.0000000000001,1.0,599.187744140625,4.0,25.0,0.0
851.3225724697113,1.0,150.0000000000001,1.0,628.4054565429688,8.0,25.0,0.0
851.3225724697113,1.0,150.0000000000001,1.0,659.71337890625,4.0,25.0,0.0
851.3225724697113,1.0,150.0000000000001,1.0,687.57568359375,4.0,25.0,0.0
851.5217747688293,1.0,157.20000000000013,1.0,465.35882568359375,8.107572555541992,59.970645904541016,-1.8766216039657593
851.5217747688293,1.0,157.20000000000013,1.0,484.4352111816406,4.0,25.0,0.0
851.5217747688293,1.0,157.20000000000013,1.0,507.1747131347656,0.0,20.0,0.0
851.5217747688293,1.0,157.20000000000013,1.0,541.8174438476562,4.0,25.0,0.0
851.5217747688293,1.0,157.20000000000013,1.0,566.9561767578125,0.0,20.0,0.0
851.5217747688293,1.0,157.20000000000013,1.0,604.187744140625,4.0,25.0,0.0
851.5217747688293,1.0,157.20000000000013,1.0,633.4054565429688,8.0,25.0,0.0
851.5217747688293,1.0,157.20000000000013,1.0,664.71337890625,4.0,25.0,0.0
851.5217747688293,1.0,157.20000000000013,1.0,692.57568359375,4.0,25.0,0.0
851.5217747688293,1.0,157.20000000000013,1.0,719.3853149414062,8.0,25.0,0.0
851.7129473686218,1.0,164.40000000000015,1.0,477.3564453125,7.88023567199707,59.99781036376953,-0.5127549171447754
851.7129473686218,1.0,164.40000000000015,1.0,489.4352111816406,4.0,25.0,0.0
851.7129473686218,1.0,164.40000000000015,1.0,511.1747131347656,0.0,20.0,0.0
851.7129473686218,1.0,164.40000000000015,1.0,546.8174438476562,4.0,25.0,0.0
851.7129473686218,1.0,164.40000000000015,1.0,570.9561767578125,0.0,20.0,0.0
851.7129473686218,1.0,164.40000000000015,1.0,609.187744140625,4.0,25.0,0.0
851.7129473686218,1.0,164.40000000000015,1.0,638.4054565429688,8.0,25.0,0.0
851.7129473686218,1.0,164.40000000000015,1.0,669.71337890625,4.0,25.0,0.0
851.7129473686218,1.0,164.40000000000015,1.0,697.57568359375,4.0,25.0,0.0
851.7129473686218,1.0,164.40000000000015,1.0,724.3853149414062,8.0,25.0,0.0
851.9225931167603,1.0,171.60000000000016,1.0,489.3563537597656,7.880255699157715,59.9991569519043,0.31802690029144287
851.9225931167603,1.0,171.60000000000016,1.0,493.7685546875,4.0,20.0,0.0
851.9225931167603,1.0,171.60000000000016,1.0,515.1746826171875,0.0,20.0,0.0
851.9225931167603,1.0,171.60000000000016,1.0,551.1507568359375,4.0,20.0,0.0
851.9225931167603,1.0,171.60000000000016,1.0,574.9561767578125,0.0,20.0,0.0
851.9225931167603,1.0,171.60000000000016,1.0,613.5210571289062,4.0,20.0,0.0
851.9225931167603,1.0,171.60000000000016,1.0,643.4054565429688,8.0,25.0,0.0
851.9225931167603,1.0,171.60000000000016,1.0,674.0467529296875,4.0,20.0,0.0
851.9225931167603,1.0,171.60000000000016,1.0,701.9089965820312,4.0,20.0,0.0
851.9225931167603,1.0,171.60000000000016,1.0,729.3853149414062,8.0,25.0,0.0
852.1183955669403,1.0,178.80000000000018,1.0,501.3560791015625,7.961066246032715,59.99867630004883,0.398670494556427
852.1183955669403,1.0,178.80000000000018,1.0,498.4352111816406,4.0,25.0,0.0
852.1183955669403,1.0,178.80000000000018,1.0,519.1746826171875,0.0,20.0,0.0
852.1183955669403,1.0,178.80000000000018,1.0,555.8174438476562,4.0,25.0,0.0
852.1183955669403,1.0,178.80000000000018,1.0,578.9561767578125,0.0,20.0,0.0
852.1183955669403,1.0,178.80000000000018,1.0,618.187744140625,4.0,25.0,0.0
852.1183955669403,1.0,178.80000000000018,1.0,648.4054565429688,8.0,25.0,0.0
852.1183955669403,1.0,178.80000000000018,1.0,678.71337890625,4.0,25.0,0.0
852.1183955669403,1.0,178.80000000000018,1.0,706.57568359375,4.0,25.0,0.0
852.1183955669403,1.0,178.80000000000018,1.0,734.3853149414062,8.0,25.0,0.0
852.3182065486908,3.0,188.6000000000002,1.0,514.0225830078125,8.01891803741455,69.99976348876953,0.18225990235805511
852.3182065486908,3.0,188.6000000000002,1.0,523.1746826171875,0.0,20.0,0.0
852.3182065486908,3.0,188.6000000000002,1.0,560.8174438476562,4.0,25.0,0.0
852.3182065486908,3.0,188.6000000000002,1.0,582.9561767578125,0.0,20.0,0.0
852.3182065486908,3.0,188.6000000000002,1.0,623.187744140625,4.0,25.0,0.0
852.3182065486908,3.0,188.6000000000002,1.0,653.4054565429688,8.0,25.0,0.0
852.3182065486908,3.0,188.6000000000002,1.0,683.71337890625,4.0,25.0,0.0
852.3182065486908,3.0,188.6000000000002,1.0,711.57568359375,4.0,25.0,0.0
852.3182065486908,3.0,188.6000000000002,1.0,739.3853149414062,8.0,25.0,0.0
852.3182065486908,3.0,188.6000000000002,1.0,769.677490234375,8.0,25.0,0.0
852.5208086967468,1.0,198.4000000000002,1.0,528.0225830078125,8.029949188232422,69.99998474121094,-0.042613085359334946
852.5208086967468,1.0,198.4000000000002,1.0,527.1746826171875,0.0,20.0,0.0
852.5208086967468,1.0,198.4000000000002,1.0,565.8174438476562,4.0,25.0,0.0
852.5208086967468,1.0,198.4000000000002,1.0,586.9561767578125,0.0,20.0,0.0
852.5208086967468,1.0,198.4000000000002,1.0,628.187744140625,4.0,25.0,0.0
852.5208086967468,1.0,198.4000000000002,1.0,658.4054565429688,8.0,25.0,0.0
852.5208086967468,1.0,198.4000000000002,1.0,688.71337890625,4.0,25.0,0.0
852.5208086967468,1.0,198.4000000000002,1.0,716.57568359375,4.0,25.0,0.0
852.5208086967468,1.0,198.4000000000002,1.0,744.3853149414062,8.0,25.0,0.0
852.5208086967468,1.0,198.4000000000002,1.0,774.677490234375,8.0,25.0,0.0
852.711385011673,1.0,208.20000000000022,1.0,542.0225830078125,8.01359748840332,69.99993133544922,-0.09685611724853516
852.711385011673,1.0,208.20000000000022,1.0,570.8174438476562,4.0,25.0,0.0
852.711385011673,1.0,208.20000000000022,1.0,590.9561767578125,0.0,20.0,0.0
852.711385011673,1.0,208.20000000000022,1.0,633.187744140625,4.0,25.0,0.0
852.711385011673,1.0,208.20000000000022,1.0,663.4054565429688,8.0,25.0,0.0
852.711385011673,1.0,208.20000000000022,1.0,693.71337890625,4.0,25.0,0.0
852.711385011673,1.0,208.20000000000022,1.0,721.57568359375,4.0,25.0,0.0
852.711385011673,1.0,208.20000000000022,1.0,749.3853149414062,8.0,25.0,0.0
852.711385011673,1.0,208.20000000000022,1.0,779.677490234375,8.0,25.0,0.0
852.711385011673,1.0,208.20000000000022,1.0,797.5908813476562,0.0,20.0,0.0
852.9077684879303,1.0,218.00000000000023,1.0,556.0225830078125,7.998259544372559,69.99998474121094,-0.05085610970854759
852.9077684879303,1.0,218.00000000000023,1.0,575.8174438476562,4.0,25.0,0.0
852.9077684879303,1.0,218.00000000000023,1.0,594.9561767578125,0.0,20.0,0.0
852.9077684879303,1.0,218.00000000000023,1.0,638.187744140625,4.0,25.0,0.0
852.9077684879303,1.0,218.00000000000023,1.0,669.0720825195312,8.0,30.0,0.0
852.9077684879303,1.0,218.00000000000023,1.0,698.71337890625,4.0,25.0,0.0
852.9077684879303,1.0,218.00000000000023,1.0,726.57568359375,4.0,25.0,0.0
852.9077684879303,1.0,218.00000000000023,1.0,755.052001953125,8.0,30.0,0.0
852.9077684879303,1.0,218.00000000000023,1.0,785.3441772460938,8.0,30.0,0.0
852.9077684879303,1.0,218.00000000000023,1.0,801.5908813476562,0.0,20.0,0.0
853.1152608394623,1.0,227.80000000000024,1.0,570.0225830078125,7.9937639236450195,70.0,0.0008952967473305762
853.1152608394623,1.0,227.80000000000024,1.0,580.8174438476562,4.0,25.0,0.0
853.1152608394623,1.0,227.80000000000024,1.0,598.9561767578125,0.0,20.0,0.0
853.1152608394623,1.0,227.80000000000024,1.0,643.187744140625,4.0,25.0,0.0
853.1152608394623,1.0,227.80000000000024,1.0,675.0720825195312,8.0,30.0,0.0
853.1152608394623,1.0,227.80000000000024,1.0,703.71337890625,4.0,25.0,0.0
853.1152608394623,1.0,227.80000000000024,1.0,731.57568359375,4.0,25.0,0.0
853.1152608394623,1.0,227.80000000000024,1.0,761.052001953125,8.0,30.0,0.0
853.1152608394623,1.0,227.80000000000024,1.0,791.3441772460938,8.0,30.0,0.0
853.1152608394623,1.0,227.80000000000024,1.0,805.5908813476562,0.0,20.0,0.0
853.314975976944,1.0,237.60000000000025,1.0,584.0225830078125,7.996354103088379,70.0,0.019460227340459824
853.314975976944,1.0,237.60000000000025,1.0,585.8174438476562,4.0,25.0,0.0
853.314975976944,1.0,237.60000000000025,1.0,602.9561767578125,0.0,20.0,0.0
853.314975976944,1.0,237.60000000000025,1.0,648.187744140625,4.0,25.0,0.0
853.314975976944,1.0,237.60000000000025,1.0,681.0720825195312,8.0,30.0,0.0
853.314975976944,1.0,237.60000000000025,1.0,708.71337890625,4.0,25.0,0.0
853.314975976944,1.0,237.60000000000025,1.0,736.57568359375,4.0,25.0,0.0
853.314975976944,1.0,237.60000000000025,1.0,767.052001953125,8.0,30.0,0.0
853.314975976944,1.0,237.60000000000025,1.0,797.3441772460938,8.0,30.0,0.0
853.314975976944,1.0,237.60000000000025,1.0,809.5908813476562,0.0,20.0,0.0
853.5171256065369,1.0,247.40000000000026,1.0,598.0225830078125,7.999802112579346,70.0,0.013058687560260296
853.5171256065369,1.0,247.40000000000026,1.0,590.8174438476562,4.0,25.0,0.0
853.5171256065369,1.0,247.40000000000026,1.0,606.9561767578125,0.0,20.0,0.0
853.5171256065369,1.0,247.40000000000026,1.0,653.187744140625,4.0,25.0,0.0
853.5171256065369,1.0,247.40000000000026,1.0,687.0720825195312,8.0,30.0,0.0
853.5171256065369,1.0,247.40000000000026,1.0,713.71337890625,4.0,25.0,0.0
853.5171256065369,1.0,247.40000000000026,1.0,741.57568359375,4.0,25.0,0.0
853.5171256065369,1.0,247.40000000000026,1.0,773.052001953125,8.0,30.0,0.0
853.5171256065369,1.0,247.40000000000026,1.0,803.3441772460938,8.0,30.0,0.0
853.5171256065369,1.0,247.40000000000026,1.0,813.5908813476562,0.0,20.0,0.0
853.7046291828156,1.0,257.2000000000003,1.0,612.0225830078125,8.001214981079102,70.0,0.0017748051322996616
853.7046291828156,1.0,257.2000000000003,1.0,610.9561767578125,0.0,20.0,0.0
853.7046291828156,1.0,257.2000000000003,1.0,658.8544311523438,4.0,30.0,0.0
853.7046291828156,1.0,257.2000000000003,1.0,693.0720825195312,8.0,30.0,0.0
853.7046291828156,1.0,257.2000000000003,1.0,719.3800659179688,4.0,30.0,0.0
853.7046291828156,1.0,257.2000000000003,1.0,747.2423095703125,4.0,30.0,0.0
853.7046291828156,1.0,257.2000000000003,1.0,779.052001953125,8.0,30.0,0.0
853.7046291828156,1.0,257.2000000000003,1.0,809.3441772460938,8.0,30.0,0.0
853.7046291828156,1.0,257.2000000000003,1.0,817.5908813476562,0.0,20.0,0.0
853.7046291828156,1.0,257.2000000000003,1.0,846.7777709960938,0.0,20.0,0.0
853.9011797904968,1.0,267.0000000000003,1.0,626.0225830078125,8.000908851623535,70.0,-0.003617525566369295
853.9011797904968,1.0,267.0000000000003,1.0,664.8544311523438,4.0,30.0,0.0
853.9011797904968,1.0,267.0000000000003,1.0,699.0720825195312,8.0,30.0,0.0
853.9011797904968,1.0,267.0000000000003,1.0,725.3800659179688,4.0,30.0,0.0
853.9011797904968,1.0,267.0000000000003,1.0,753.2423095703125,4.0,30.0,0.0
853.9011797904968,1.0,267.0000000000003,1.0,785.052001953125,8.0,30.0,0.0
853.9011797904968,1.0,267.0000000000003,1.0,815.3441772460938,8.0,30.0,0.0
853.9011797904968,1.0,267.0000000000003,1.0,821.5908813476562,0.0,20.0,0.0
853.9011797904968,1.0,267.0000000000003,1.0,850.7777709960938,0.0,20.0,0.0
853.9011797904968,1.0,267.0000000000003,1.0,904.054443359375,8.0,30.0,0.0
854.102207660675,1.0,276.8000000000003,1.0,640.0225830078125,8.000175476074219,70.0,-0.003146825823932886
854.102207660675,1.0,276.8000000000003,1.0,671.5210571289062,4.0,35.0,0.0
854.102207660675,1.0,276.8000000000003,1.0,705.73876953125,8.0,35.0,0.0
854.102207660675,1.0,276.8000000000003,1.0,732.0467529296875,4.0,35.0,0.0
854.102207660675,1.0,276.8000000000003,1.0,759.9089965820312,4.0,35.0,0.0
854.102207660675,1.0,276.8000000000003,1.0,791.7186279296875,8.0,35.0,0.0
854.102207660675,1.0,276.8000000000003,1.0,822.0108642578125,8.0,35.0,0.0
854.102207660675,1.0,276.8000000000003,1.0,825.5908813476562,0.0,20.0,0.0
854.102207660675,1.0,276.8000000000003,1.0,854.7777709960938,0.0,20.0,0.0
854.102207660675,1.0,276.8000000000003,1.0,910.7211303710938,8.0,35.0,0.0
854.3125987052917,1.0,286.6000000000003,1.0,654.0225830078125,7.999783992767334,70.0,-0.0008248715312220156
854.3125987052917,1.0,286.6000000000003,1.0,678.5210571289062,4.0,35.0,0.0
854.3125987052917,1.0,286.6000000000003,1.0,712.73876953125,8.0,35.0,0.0
854.3125987052917,1.0,286.6000000000003,1.0,739.0467529296875,4.0,35.0,0.0
854.3125987052917,1.0,286.6000000000003,1.0,766.9089965820312,4.0,35.0,0.0
854.3125987052917,1.0,286.6000000000003,1.0,798.7186279296875,8.0,35.0,0.0
854.3125987052917,1.0,286.6000000000003,1.0,829.0108642578125,8.0,35.0,0.0
854.3125987052917,1.0,286.6000000000003,1.0,829.5908813476562,0.0,20.0,0.0
854.3125987052917,1.0,286.6000000000003,1.0,858.7777709960938,0.0,20.0,0.0
854.3125987052917,1.0,286.6000000000003,1.0,917.7211303710938,8.0,35.0,0.0
854.5085437297821,1.0,296.4000000000003,1.0,668.0225830078125,7.999786376953125,70.0,0.0005984345334582031
854.5085437297821,1.0,296.4000000000003,1.0,685.5210571289062,4.0,35.0,0.0
854.5085437297821,1.0,296.4000000000003,1.0,719.73876953125,8.0,35.0,0.0
854.5085437297821,1.0,296.4000000000003,1.0,746.0467529296875,4.0,35.0,0.0
854.5085437297821,1.0,296.4000000000003,1.0,773.9089965820312,4.0,35.0,0.0
854.5085437297821,1.0,296.4000000000003,1.0,805.7186279296875,8.0,35.0,0.0
854.5085437297821,1.0,296.4000000000003,1.0,833.5908813476562,0.0,20.0,0.0
854.5085437297821,1.0,296.4000000000003,1.0,836.0108642578125,8.0,35.0,0.0
854.5085437297821,1.0,296.4000000000003,1.0,862.7777709960938,0.0,20.0,0.0
854.5085437297821,1.0,296.4000000000003,1.0,924.7211303710938,8.0,35.0,0.0
854.7023711204529,1.0,306.20000000000033,1.0,682.0225830078125,7.999932765960693,70.0,0.0007174253114499152
854.7023711204529,1.0,306.20000000000033,1.0,693.187744140625,4.0,40.0,0.0
854.7023711204529,1.0,306.20000000000033,1.0,726.73876953125,8.0,35.0,0.0
854.7023711204529,1.0,306.20000000000033,1.0,753.71337890625,4.0,40.0,0.0
854.7023711204529,1.0,306.20000000000033,1.0,781.57568359375,4.0,40.0,0.0
854.7023711204529,1.0,306.20000000000033,1.0,812.7186279296875,8.0,35.0,0.0
854.7023711204529,1.0,306.20000000000033,1.0,837.5908813476562,0.0,20.0,0.0
854.7023711204529,1.0,306.20000000000033,1.0,843.0108642578125,8.0,35.0,0.0
854.7023711204529,1.0,306.20000000000033,1.0,866.7777709960938,0.0,20.0,0.0
854.7023711204529,1.0,306.20000000000033,1.0,931.7211303710938,8.0,35.0,0.0
854.9003431797028,1.0,316.00000000000034,1.0,696.0225830078125,8.000033378601074,70.0,0.000271911354502663
854.9003431797028,1.0,316.00000000000034,1.0,701.187744140625,4.0,40.0,0.0
854.9003431797028,1.0,316.00000000000034,1.0,734.4054565429688,8.0,40.0,0.0
854.9003431797028,1.0,316.00000000000034,1.0,761.71337890625,4.0,40.0,0.0
854.9003431797028,1.0,316.00000000000034,1.0,789.57568359375,4.0,40.0,0.0
854.9003431797028,1.0,316.00000000000034,1.0,820.3853149414062,8.0,40.0,0.0
854.9003431797028,1.0,316.00000000000034,1.0,841.5908813476562,0.0,20.0,0.0
854.9003431797028,1.0,316.00000000000034,1.0,850.677490234375,8.0,40.0,0.0
854.9003431797028,1.0,316.00000000000034,1.0,870.7777709960938,0.0,20.0,0.0
854.9003431797028,1.0,316.00000000000034,1.0,939.3878173828125,8.0,40.0,0.0
855.0980134010315,1.0,325.80000000000035,1.0,710.0225830078125,8.00004768371582,70.0,-7.873409776948392e-05
855.0980134010315,1.0,325.80000000000035,1.0,709.187744140625,4.0,40.0,0.0
855.0980134010315,1.0,325.80000000000035,1.0,742.4054565429688,8.0,40.0,0.0
855.0980134010315,1.0,325.80000000000035,1.0,769.71337890625,4.0,40.0,0.0
855.0980134010315,1.0,325.80000000000035,1.0,797.57568359375,4.0,40.0,0.0
855.0980134010315,1.0,325.80000000000035,1.0,828.3853149414062,8.0,40.0,0.0
855.0980134010315,1.0,325.80000000000035,1.0,845.5908813476562,0.0,20.0,0.0
855.0980134010315,1.0,325.80000000000035,1.0,858.677490234375,8.0,40.0,0.0
855.0980134010315,1.0,325.80000000000035,1.0,874.7777709960938,0.0,20.0,0.0
855.0980134010315,1.0,325.80000000000035,1.0,947.3878173828125,8.0,40.0,0.0
855.3061330318451,0.0,335.60000000000036,1.0,724.0225830078125,8.000020027160645,70.0,-0.00015493010869249701
855.3061330318451,0.0,335.60000000000036,1.0,717.187744140625,4.0,40.0,0.0
855.3061330318451,0.0,335.60000000000036,1.0,750.4054565429688,8.0,40.0,0.0
855.3061330318451,0.0,335.60000000000036,1.0,777.71337890625,4.0,40.0,0.0
855.3061330318451,0.0,335.60000000000036,1.0,805.57568359375,4.0,40.0,0.0
855.3061330318451,0.0,335.60000000000036,1.0,836.3853149414062,8.0,40.0,0.0
855.3061330318451,0.0,335.60000000000036,1.0,849.5908813476562,0.0,20.0,0.0
855.3061330318451,0.0,335.60000000000036,1.0,866.677490234375,8.0,40.0,0.0
855.3061330318451,0.0,335.60000000000036,1.0,878.7777709960938,0.0,20.0,0.0
855.3061330318451,0.0,335.60000000000036,1.0,955.3878173828125,8.0,40.0,0.0
855.5015552043915,1.0,345.4000000000004,1.0,737.9120483398438,6.379332542419434,68.87582397460938,-12.494829177856445
855.5015552043915,1.0,345.4000000000004,1.0,758.4054565429688,8.0,40.0,0.0
855.5015552043915,1.0,345.4000000000004,1.0,785.71337890625,4.0,40.0,0.0
855.5015552043915,1.0,345.4000000000004,1.0,813.57568359375,4.0,40.0,0.0
855.5015552043915,1.0,345.4000000000004,1.0,844.3853149414062,8.0,40.0,0.0
855.5015552043915,1.0,345.4000000000004,1.0,854.2575073242188,0.0,25.0,0.0
855.5015552043915,1.0,345.4000000000004,1.0,874.677490234375,8.0,40.0,0.0
855.5015552043915,1.0,345.4000000000004,1.0,883.4443969726562,0.0,25.0,0.0
855.5015552043915,1.0,345.4000000000004,1.0,963.3878173828125,8.0,40.0,0.0
855.5015552043915,1.0,345.4000000000004,1.0,992.2007446289062,4.0,40.0,0.0
855.6945130825043,1.0,355.2000000000004,1.0,751.7312622070312,4.149322986602783,69.48035430908203,-8.513529777526855
855.6945130825043,1.0,355.2000000000004,1.0,766.4054565429688,8.0,40.0,0.0
855.6945130825043,1.0,355.2000000000004,1.0,793.71337890625,4.0,40.0,0.0
855.6945130825043,1.0,355.2000000000004,1.0,821.57568359375,4.0,40.0,0.0
855.6945130825043,1.0,355.2000000000004,1.0,852.3853149414062,8.0,40.0,0.0
855.6945130825043,1.0,355.2000000000004,1.0,859.9241943359375,0.0,30.0,0.0
855.6945130825043,1.0,355.2000000000004,1.0,882.677490234375,8.0,40.0,0.0
855.6945130825043,1.0,355.2000000000004,1.0,889.111083984375,0.0,30.0,0.0
855.6945130825043,1.0,355.2000000000004,1.0,971.3878173828125,8.0,40.0,0.0
855.6945130825043,1.0,355.2000000000004,1.0,1000.2007446289062,4.0,40.0,0.0
855.9042627811432,1.0,365.0000000000004,1.0,765.694580078125,3.219254970550537,69.98934173583984,-1.2216250896453857
855.9042627811432,1.0,365.0000000000004,1.0,774.4054565429688,8.0,40.0,0.0
855.9042627811432,1.0,365.0000000000004,1.0,801.71337890625,4.0,40.0,0.0
855.9042627811432,1.0,365.0000000000004,1.0,829.57568359375,4.0,40.0,0.0
855.9042627811432,1.0,365.0000000000004,1.0,860.3853149414062,8.0,40.0,0.0
855.9042627811432,1.0,365.0000000000004,1.0,866.5908813476562,0.0,35.0,0.0
855.9042627811432,1.0,365.0000000000004,1.0,890.677490234375,8.0,40.0,0.0
855.9042627811432,1.0,365.0000000000004,1.0,895.7777709960938,0.0,35.0,0.0
855.9042627811432,1.0,365.0000000000004,1.0,979.3878173828125,8.0,40.0,0.0
855.9042627811432,1.0,365.0000000000004,1.0,1008.2007446289062,4.0,40.0,0.0
856.0995862483978,0.0,374.8000000000004,1.0,779.6920166015625,3.4075376987457275,69.96157836914062,2.3188819885253906
856.0995862483978,0.0,374.8000000000004,1.0,782.4054565429688,8.0,40.0,0.0
856.0995862483978,0.0,374.8000000000004,1.0,809.71337890625,4.0,40.0,0.0
856.0995862483978,0.0,374.8000000000004,1.0,837.57568359375,4.0,40.0,0.0
856.0995862483978,0.0,374.8000000000004,1.0,868.3853149414062,8.0,40.0,0.0
856.0995862483978,0.0,374.8000000000004,1.0,873.5908813476562,0.0,35.0,0.0
856.0995862483978,0.0,374.8000000000004,1.0,898.677490234375,8.0,40.0,0.0
856.0995862483978,0.0,374.8000000000004,1.0,902.7777709960938,0.0,35.0,0.0
856.0995862483978,0.0,374.8000000000004,1.0,987.3878173828125,8.0,40.0,0.0
856.0995862483978,0.0,374.8000000000004,1.0,1016.2007446289062,4.0,40.0,0.0
856.30029296875,1.0,384.6000000000004,1.0,793.6283569335938,2.265347719192505,69.21722412109375,-10.439153671264648
856.30029296875,1.0,384.6000000000004,1.0,790.4054565429688,8.0,40.0,0.0
856.30029296875,1.0,384.6000000000004,1.0,817.71337890625,4.0,40.0,0.0
856.30029296875,1.0,384.6000000000004,1.0,845.57568359375,4.0,40.0,0.0
856.30029296875,1.0,384.6000000000004,1.0,876.3853149414062,8.0,40.0,0.0
856.30029296875,1.0,384.6000000000004,1.0,879.9241943359375,0.0,30.0,0.0
856.30029296875,1.0,384.6000000000004,1.0,906.677490234375,8.0,40.0,0.0
856.30029296875,1.0,384.6000000000004,1.0,909.111083984375,0.0,30.0,0.0
856.30029296875,1.0,384.6000000000004,1.0,995.3878173828125,8.0,40.0,0.0
856.30029296875,1.0,384.6000000000004,1.0,1024.20068359375,4.0,40.0,0.0
856.4968705177307,1.0,394.40000000000043,1.0,807.4876098632812,0.2913178503513336,69.54454040527344,-7.972265243530273
856.4968705177307,1.0,394.40000000000043,1.0,798.4054565429688,8.0,40.0,0.0
856.4968705177307,1.0,394.40000000000043,1.0,825.71337890625,4.0,40.0,0.0
856.4968705177307,1.0,394.40000000000043,1.0,853.57568359375,4.0,40.0,0.0
856.4968705177307,1.0,394.40000000000043,1.0,884.3853149414062,8.0,40.0,0.0
856.4968705177307,1.0,394.40000000000043,1.0,885.9241943359375,0.0,30.0,0.0
856.4968705177307,1.0,394.40000000000043,1.0,914.677490234375,8.0,40.0,0.0
856.4968705177307,1.0,394.40000000000043,1.0,915.111083984375,0.0,30.0,0.0
856.4968705177307,1.0,394.40000000000043,1.0,1003.3878173828125,8.0,40.0,0.0
856.4968705177307,1.0,394.40000000000043,1.0,1032.20068359375,4.0,40.0,0.0
856.7082569599152,1.0,404.20000000000044,1.0,821.4522094726562,-0.640195906162262,69.98136901855469,-1.6150856018066406
856.7082569599152,1.0,404.20000000000044,1.0,833.71337890625,4.0,40.0,0.0
856.7082569599152,1.0,404.20000000000044,1.0,861.57568359375,4.0,40.0,0.0
856.7082569599152,1.0,404.20000000000044,1.0,891.2575073242188,0.0,25.0,0.0
856.7082569599152,1.0,404.20000000000044,1.0,892.3853149414062,8.0,40.0,0.0
856.7082569599152,1.0,404.20000000000044,1.0,920.4443969726562,0.0,25.0,0.0
856.7082569599152,1.0,404.20000000000044,1.0,922.677490234375,8.0,40.0,0.0
856.7082569599152,1.0,404.20000000000044,1.0,1011.3878173828125,8.0,40.0,0.0
856.7082569599152,1.0,404.20000000000044,1.0,1038.8280029296875,0.0,25.0,0.0
856.7082569599152,1.0,404.20000000000044,1.0,1040.20068359375,4.0,40.0,0.0
856.8993937969208,1.0,414.00000000000045,1.0,835.45068359375,-0.54847252368927,69.97563171386719,1.846949815750122
856.8993937969208,1.0,414.00000000000045,1.0,841.0467529296875,4.0,35.0,0.0
856.8993937969208,1.0,414.00000000000045,1.0,868.9089965820312,4.0,35.0,0.0
856.8993937969208,1.0,414.00000000000045,1.0,896.2575073242188,0.0,25.0,0.0
856.8993937969208,1.0,414.00000000000045,1.0,900.3853149414062,8.0,40.0,0.0
856.8993937969208,1.0,414.00000000000045,1.0,925.4443969726562,0.0,25.0,0.0
856.8993937969208,1.0,414.00000000000045,1.0,930.677490234375,8.0,40.0,0.0
856.8993937969208,1.0,414.00000000000045,1.0,1019.3878173828125,8.0,40.0,0.0
856.8993937969208,1.0,414.00000000000045,1.0,1043.8280029296875,0.0,25.0,0.0
856.8993937969208,1.0,414.00000000000045,1.0,1047.5340576171875,4.0,35.0,0.0
857.0921692848206,4.0,421.20000000000044,1.0,848.7781982421875,-0.15541116893291473,59.976722717285156,1.6710950136184692
857.0921692848206,4.0,421.20000000000044,1.0,848.0467529296875,4.0,35.0,0.0
857.0921692848206,4.0,421.20000000000044,1.0,875.9089965820312,4.0,35.0,0.0
857.0921692848206,4.0,421.20000000000044,1.0,901.2575073242188,0.0,25.0,0.0
857.0921692848206,4.0,421.20000000000044,1.0,908.3853149414062,8.0,40.0,0.0
857.0921692848206,4.0,421.20000000000044,1.0,930.4443969726562,0.0,25.0,0.0
857.0921692848206,4.0,421.20000000000044,1.0,938.677490234375,8.0,40.0,0.0
857.0921692848206,4.0,421.20000000000044,1.0,1027.3878173828125,8.0,40.0,0.0
857.0921692848206,4.0,421.20000000000044,1.0,1048.8280029296875,0.0,25.0,0.0
857.0921692848206,4.0,421.20000000000044,1.0,1054.5340576171875,4.0,35.0,0.0
857.2994928359985,1.0,428.40000000000043,1.0,860.77587890625,0.07185974717140198,59.99658966064453,0.6397075057029724
857.2994928359985,1.0,428.40000000000043,1.0,855.0467529296875,4.0,35.0,0.0
857.2994928359985,1.0,428.40000000000043,1.0,882.9089965820312,4.0,35.0,0.0
857.2994928359985,1.0,428.40000000000043,1.0,906.9241943359375,0.0,30.0,0.0
857.2994928359985,1.0,428.40000000000043,1.0,916.3853149414062,8.0,40.0,0.0
857.2994928359985,1.0,428.40000000000043,1.0,936.111083984375,0.0,30.0,0.0
857.2994928359985,1.0,428.40000000000043,1.0,946.677490234375,8.0,40.0,0.0
857.2994928359985,1.0,428.40000000000043,1.0,1035.3878173828125,8.0,40.0,0.0
857.2994928359985,1.0,428.40000000000043,1.0,1054.49462890625,0.0,30.0,0.0
857.2994928359985,1.0,428.40000000000043,1.0,1061.5340576171875,4.0,35.0,0.0
857.5032913684845,4.0,435.6000000000004,1.0,872.7757568359375,0.10414274036884308,59.99979019165039,-0.1585572212934494
857.5032913684845,4.0,435.6000000000004,1.0,890.57568359375,4.0,40.0,0.0
857.5032913684845,4.0,435.6000000000004,1.0,912.9241943359375,0.0,30.0,0.0
857.5032913684845,4.0,435.6000000000004,1.0,924.3853149414062,8.0,40.0,0.0
857.5032913684845,4.0,435.6000000000004,1.0,942.111083984375,0.0,30.0,0.0
857.5032913684845,4.0,435.6000000000004,1.0,954.677490234375,8.0,40.0,0.0
857.5032913684845,4.0,435.6000000000004,1.0,1043.3878173828125,8.0,40.0,0.0
857.5032913684845,4.0,435.6000000000004,1.0,1060.49462890625,0.0,30.0,0.0
857.5032913684845,4.0,435.6000000000004,1.0,1069.20068359375,4.0,40.0,0.0
857.5032913684845,4.0,435.6000000000004,1.0,1087.3248291015625,0.0,30.0,0.0
857.7035007476807,1.0,440.6000000000004,1.0,884.1089477539062,0.04745198413729668,49.99911880493164,-0.2970026433467865
857.7035007476807,1.0,440.6000000000004,1.0,898.57568359375,4.0,40.0,0.0
857.7035007476807,1.0,440.6000000000004,1.0,918.9241943359375,0.0,30.0,0.0
857.7035007476807,1.0,440.6000000000004,1.0,932.3853149414062,8.0,40.0,0.0
857.7035007476807,1.0,440.6000000000004,1.0,948.111083984375,0.0,30.0,0.0
857.7035007476807,1.0,440.6000000000004,1.0,962.677490234375,8.0,40.0,0.0
857.7035007476807,1.0,440.6000000000004,1.0,1051.3878173828125,8.0,40.0,0.0
857.7035007476807,1.0,440.6000000000004,1.0,1066.49462890625,0.0,30.0,0.0
857.7035007476807,1.0,440.6000000000004,1.0,1077.20068359375,4.0,40.0,0.0
857.7035007476807,1.0,440.6000000000004,1.0,1093.3248291015625,0.0,30.0,0.0
857.8984563350677,1.0,445.6000000000004,1.0,894.1088256835938,-0.00025161082157865167,49.999691009521484,-0.17565755546092987
857.8984563350677,1.0,445.6000000000004,1.0,906.57568359375,4.0,40.0,0.0
857.8984563350677,1.0,445.6000000000004,1.0,925.5908813476562,0.0,35.0,0.0
857.8984563350677,1.0,445.6000000000004,1.0,940.3853149414062,8.0,40.0,0.0
857.8984563350677,1.0,445.6000000000004,1.0,954.7777709960938,0.0,35.0,0.0
857.8984563350677,1.0,445.6000000000004,1.0,970.677490234375,8.0,40.0,0.0
857.8984563350677,1.0,445.6000000000004,1.0,1059.3878173828125,8.0,40.0,0.0
857.8984563350677,1.0,445.6000000000004,1.0,1073.161376953125,0.0,35.0,0.0
857.8984563350677,1.0,445.6000000000004,1.0,1085.20068359375,4.0,40.0,0.0
857.8984563350677,1.0,445.6000000000004,1.0,1099.991455078125,0.0,35.0,0.0
858.0887649059296,1.0,450.6000000000004,1.0,904.1088256835938,-0.0160603579133749,49.999996185302734,-0.01835080236196518
858.0887649059296,1.0,450.6000000000004,1.0,914.57568359375,4.0,40.0,0.0
858.0887649059296,1.0,450.6000000000004,1.0,932.5908813476562,0.0,35.0,0.0
858.0887649059296,1.0,450.6000000000004,1.0,948.3853149414062,8.0,40.0,0.0
858.0887649059296,1.0,450.6000000000004,1.0,961.7777709960938,0.0,35.0,0.0
858.0887649059296,1.0,450.6000000000004,1.0,978.677490234375,8.0,40.0,0.0
858.0887649059296,1.0,450.6000000000004,1.0,1067.3878173828125,8.0,40.0,0.0
858.0887649059296,1.0,450.6000000000004,1.0,1080.161376953125,0.0,35.0,0.0
858.0887649059296,1.0,450.6000000000004,1.0,1093.20068359375,4.0,40.0,0.0
858.0887649059296,1.0,450.6000000000004,1.0,1106.991455078125,0.0,35.0,0.0
858.2883286476135,1.0,455.6000000000004,1.0,914.1088256835938,-0.010687694884836674,49.999977111816406,0.04651917889714241
858.2883286476135,1.0,455.6000000000004,1.0,922.57568359375,4.0,40.0,0.0
858.2883286476135,1.0,455.6000000000004,1.0,939.5908813476562,0.0,35.0,0.0
858.2883286476135,1.0,455.6000000000004,1.0,956.3853149414062,8.0,40.0,0.0
858.2883286476135,1.0,455.6000000000004,1.0,968.7777709960938,0.0,35.0,0.0
858.2883286476135,1.0,455.6000000000004,1.0,986.677490234375,8.0,40.0,0.0
858.2883286476135,1.0,455.6000000000004,1.0,1075.3878173828125,8.0,40.0,0.0
858.2883286476135,1.0,455.6000000000004,1.0,1087.161376953125,0.0,35.0,0.0
858.2883286476135,1.0,455.6000000000004,1.0,1101.20068359375,4.0,40.0,0.0
858.2883286476135,1.0,455.6000000000004,1.0,1113.991455078125,0.0,35.0,0.0
858.4970529079437,1.0,460.6000000000004,1.0,924.1088256835938,-0.0017898424994200468,49.99998474121094,0.03734685853123665
858.4970529079437,1.0,460.6000000000004,1.0,930.57568359375,4.0,40.0,0.0
858.4970529079437,1.0,460.6000000000004,1.0,946.5908813476562,0.0,35.0,0.0
858.4970529079437,1.0,460.6000000000004,1.0,964.3853149414062,8.0,40.0,0.0
858.4970529079437,1.0,460.6000000000004,1.0,975.7777709960938,0.0,35.0,0.0
858.4970529079437,1.0,460.6000000000004,1.0,994.677490234375,8.0,40.0,0.0
858.4970529079437,1.0,460.6000000000004,1.0,1083.3878173828125,8.0,40.0,0.0
858.4970529079437,1.0,460.6000000000004,1.0,1094.161376953125,0.0,35.0,0.0
858.4970529079437,1.0,460.6000000000004,1.0,1109.20068359375,4.0,40.0,0.0
858.4970529079437,1.0,460.6000000000004,1.0,1120.991455078125,0.0,35.0,0.0
858.694726228714,4.0,463.8000000000004,1.0,933.442138671875,0.0020820805802941322,40.0,0.007425759453326464
858.694726228714,4.0,463.8000000000004,1.0,938.57568359375,4.0,40.0,0.0
858.694726228714,4.0,463.8000000000004,1.0,953.5908813476562,0.0,35.0,0.0
858.694726228714,4.0,463.8000000000004,1.0,972.3853149414062,8.0,40.0,0.0
858.694726228714,4.0,463.8000000000004,1.0,982.7777709960938,0.0,35.0,0.0
858.694726228714,4.0,463.8000000000004,1.0,1002.677490234375,8.0,40.0,0.0
858.694726228714,4.0,463.8000000000004,1.0,1091.3878173828125,8.0,40.0,0.0
858.694726228714,4.0,463.8000000000004,1.0,1101.161376953125,0.0,35.0,0.0
858.694726228714,4.0,463.8000000000004,1.0,1117.20068359375,4.0,40.0,0.0
858.694726228714,4.0,463.8000000000004,1.0,1127.991455078125,0.0,35.0,0.0
858.8947005271912,4.0,465.6000000000004,1.0,940.7755126953125,0.0016577518545091152,30.0,-0.004533394239842892
858.8947005271912,4.0,465.6000000000004,1.0,946.57568359375,4.0,40.0,0.0
858.8947005271912,4.0,465.6000000000004,1.0,960.5908813476562,0.0,35.0,0.0
858.8947005271912,4.0,465.6000000000004,1.0,980.3853149414062,8.0,40.0,0.0
858.8947005271912,4.0,465.6000000000004,1.0,989.7777709960938,0.0,35.0,0.0
858.8947005271912,4.0,465.6000000000004,1.0,1010.677490234375,8.0,40.0,0.0
858.8947005271912,4.0,465.6000000000004,1.0,1099.3878173828125,8.0,40.0,0.0
858.8947005271912,4.0,465.6000000000004,1.0,1108.161376953125,0.0,35.0,0.0
858.8947005271912,4.0,465.6000000000004,1.0,1125.20068359375,4.0,40.0,0.0
858.8947005271912,4.0,465.6000000000004,1.0,1134.991455078125,0.0,35.0,0.0
859.092036485672,4.0,466.40000000000043,1.0,946.1088256835938,0.0005682585760951042,20.0,-0.004004777874797583
859.092036485672,4.0,466.40000000000043,1.0,953.9089965820312,4.0,35.0,0.0
859.092036485672,4.0,466.40000000000043,1.0,967.5908813476562,0.0,35.0,0.0
859.092036485672,4.0,466.40000000000043,1.0,988.3853149414062,8.0,40.0,0.0
859.092036485672,4.0,466.40000000000043,1.0,996.7777709960938,0.0,35.0,0.0
859.092036485672,4.0,466.40000000000043,1.0,1018.677490234375,8.0,40.0,0.0
859.092036485672,4.0,466.40000000000043,1.0,1107.3878173828125,8.0,40.0,0.0
859.092036485672,4.0,466.40000000000043,1.0,1115.161376953125,0.0,35.0,0.0
859.092036485672,4.0,466.40000000000043,1.0,1132.5340576171875,4.0,35.0,0.0
859.092036485672,4.0,466.40000000000043,1.0,1141.991455078125,0.0,35.0,0.0
859.2952215671539,1.0,467.20000000000044,1.0,950.1088256835938,7.276122050825506e-05,20.0,-0.002306918380782008
859.2952215671539,1.0,467.20000000000044,1.0,960.9089965820312,4.0,35.0,0.0
859.2952215671539,1.0,467.20000000000044,1.0,974.5908813476562,0.0,35.0,0.0
859.2952215671539,1.0,467.20000000000044,1.0,996.3853149414062,8.0,40.0,0.0
859.2952215671539,1.0,467.20000000000044,1.0,1003.7777709960938,0.0,35.0,0.0
859.2952215671539,1.0,467.20000000000044,1.0,1026.677490234375,8.0,40.0,0.0
859.2952215671539,1.0,467.20000000000044,1.0,1115.3878173828125,8.0,40.0,0.0
859.2952215671539,1.0,467.20000000000044,1.0,1122.161376953125,0.0,35.0,0.0
859.2952215671539,1.0,467.20000000000044,1.0,1139.5340576171875,4.0,35.0,0.0
859.2952215671539,1.0,467.20000000000044,1.0,1148.991455078125,0.0,35.0,0.0
859.4915008544922,1.0,468.00000000000045,1.0,954.1088256835938,-6.053333345334977e-05,20.0,-0.0006681237136945128
859.4915008544922,1.0,468.00000000000045,1.0,967.9089965820312,4.0,35.0,0.0
859.4915008544922,1.0,468.00000000000045,1.0,981.5908813476562,0.0,35.0,0.0
859.4915008544922,1.0,468.00000000000045,1.0,1004.3853149414062,8.0,40.0,0.0
859.4915008544922,1.0,468.00000000000045,1.0,1010.7777709960938,0.0,35.0,0.0
859.4915008544922,1.0,468.00000000000045,1.0,1034.677490234375,8.0,40.0,0.0
859.4915008544922,1.0,468.00000000000045,1.0,1123.3878173828125,8.0,40.0,0.0
859.4915008544922,1.0,468.00000000000045,1.0,1129.161376953125,0.0,35.0,0.0
859.4915008544922,1.0,468.00000000000045,1.0,1146.5340576171875,4.0,35.0,0.0
859.4915008544922,1.0,468.00000000000045,1.0,1155.991455078125,0.0,35.0,0.0
859.6914215087891,1.0,468.80000000000047,1.0,958.1088256835938,-5.037117443862371e-05,20.0,1.8307629943592474e-05
859.6914215087891,1.0,468.80000000000047,1.0,974.2423095703125,4.0,30.0,0.0
859.6914215087891,1.0,468.80000000000047,1.0,988.5908813476562,0.0,35.0,0.0
859.6914215087891,1.0,468.80000000000047,1.0,1012.3853149414062,8.0,40.0,0.0
859.6914215087891,1.0,468.80000000000047,1.0,1017.7777709960938,0.0,35.0,0.0
859.6914215087891,1.0,468.80000000000047,1.0,1042.677490234375,8.0,40.0,0.0
859.6914215087891,1.0,468.80000000000047,1.0,1131.3878173828125,8.0,40.0,0.0
859.6914215087891,1.0,468.80000000000047,1.0,1136.161376953125,0.0,35.0,0.0
859.6914215087891,1.0,468.80000000000047,1.0,1152.867431640625,4.0,30.0,0.0
859.6914215087891,1.0,468.80000000000047,1.0,1162.991455078125,0.0,35.0,0.0
859.8923032283783,3.0,470.6000000000005,1.0,962.7755126953125,-1.870467167464085e-05,30.0,0.0001746206689858809
859.8923032283783,3.0,470.6000000000005,1.0,980.2423095703125,4.0,30.0,0.0
859.8923032283783,3.0,470.6000000000005,1.0,995.5908813476562,0.0,35.0,0.0
859.8923032283783,3.0,470.6000000000005,1.0,1020.3853149414062,8.0,40.0,0.0
859.8923032283783,3.0,470.6000000000005,1.0,1024.7777099609375,0.0,35.0,0.0
859.8923032283783,3.0,470.6000000000005,1.0,1050.677490234375,8.0,40.0,0.0
859.8923032283783,3.0,470.6000000000005,1.0,1139.3878173828125,8.0,40.0,0.0
859.8923032283783,3.0,470.6000000000005,1.0,1143.161376953125,0.0,35.0,0.0
859.8923032283783,3.0,470.6000000000005,1.0,1158.867431640625,4.0,30.0,0.0
859.8923032283783,3.0,470.6000000000005,1.0,1169.991455078125,0.0,35.0,0.0
860.0898523330688,1.0,472.4000000000005,1.0,968.7755126953125,2.4646335532452213e-06,30.0,7.975014887051657e-05
860.0898523330688,1.0,472.4000000000005,1.0,986.2423095703125,4.0,30.0,0.0
860.0898523330688,1.0,472.4000000000005,1.0,1002.5908813476562,0.0,35.0,0.0
860.0898523330688,1.0,472.4000000000005,1.0,1028.3853759765625,8.0,40.0,0.0
860.0898523330688,1.0,472.4000000000005,1.0,1031.7777099609375,0.0,35.0,0.0
860.0898523330688,1.0,472.4000000000005,1.0,1058.677490234375,8.0,40.0,0.0
860.0898523330688,1.0,472.4000000000005,1.0,1147.3878173828125,8.0,40.0,0.0
860.0898523330688,1.0,472.4000000000005,1.0,1150.161376953125,0.0,35.0,0.0
860.0898523330688,1.0,472.4000000000005,1.0,1164.867431640625,4.0,30.0,0.0
860.0898523330688,1.0,472.4000000000005,1.0,1176.991455078125,0.0,35.0,0.0
860.2805404663086,1.0,474.2000000000005,1.0,974.7755126953125,6.44965075480286e-06,30.0,5.323132882040227e-06
860.2805404663086,1.0,474.2000000000005,1.0,992.2423095703125,4.0,30.0,0.0
860.2805404663086,1.0,474.2000000000005,1.0,1009.5908813476562,0.0,35.0,0.0
860.2805404663086,1.0,474.2000000000005,1.0,1035.7186279296875,8.0,35.0,0.0
860.2805404663086,1.0,474.2000000000005,1.0,1038.7777099609375,0.0,35.0,0.0
860.2805404663086,1.0,474.2000000000005,1.0,1066.0108642578125,8.0,35.0,0.0
860.2805404663086,1.0,474.2000000000005,1.0,1154.7210693359375,8.0,35.0,0.0
860.2805404663086,1.0,474.2000000000005,1.0,1157.161376953125,0.0,35.0,0.0
860.2805404663086,1.0,474.2000000000005,1.0,1170.867431640625,4.0,30.0,0.0
860.2805404663086,1.0,474.2000000000005,1.0,1183.991455078125,0.0,35.0,0.0
860.4773163795471,1.0,476.0000000000005,1.0,980.7755126953125,3.470553792794817e-06,30.0,-1.740248262649402e-05
860.4773163795471,1.0,476.0000000000005,1.0,998.2423095703125,4.0,30.0,0.0
860.4773163795471,1.0,476.0000000000005,1.0,1017.2575073242188,0.0,40.0,0.0
860.4773163795471,1.0,476.0000000000005,1.0,1042.7186279296875,8.0,35.0,0.0
860.4773163795471,1.0,476.0000000000005,1.0,1046.4444580078125,0.0,40.0,0.0
860.4773163795471,1.0,476.0000000000005,1.0,1073.0108642578125,8.0,35.0,0.0
860.4773163795471,1.0,476.0000000000005,1.0,1161.7210693359375,8.0,35.0,0.0
860.4773163795471,1.0,476.0000000000005,1.0,1164.8280029296875,0.0,40.0,0.0
860.4773163795471,1.0,476.0000000000005,1.0,1176.867431640625,4.0,30.0,0.0
860.4773163795471,1.0,476.0000000000005,1.0,1191.658203125,0.0,40.0,0.0
860.6770601272583,1.0,477.8000000000005,1.0,986.7755126953125,5.314092277330928e-07,30.0,-1.2486656487453729e-05
860.6770601272583,1.0,477.8000000000005,1.0,1003.57568359375,4.0,25.0,0.0
860.6770601272583,1.0,477.8000000000005,1.0,1025.257568359375,0.0,40.0,0.0
860.6770601272583,1.0,477.8000000000005,1.0,1050.3853759765625,8.0,40.0,0.0
860.6770601272583,1.0,477.8000000000005,1.0,1054.4444580078125,0.0,40.0,0.0
860.6770601272583,1.0,477.8000000000005,1.0,1080.677490234375,8.0,40.0,0.0
860.6770601272583,1.0,477.8000000000005,1.0,1169.3878173828125,8.0,40.0,0.0
860.6770601272583,1.0,477.8000000000005,1.0,1172.8280029296875,0.0,40.0,0.0
860.6770601272583,1.0,477.8000000000005,1.0,1182.20068359375,4.0,25.0,0.0
860.6770601272583,1.0,477.8000000000005,1.0,1199.658203125,0.0,40.0,0.0
860.8852734565735,1.0,479.60000000000053,1.0,992.7755126953125,-5.661468094331212e-07,30.0,-3.4251640954607865e-06
860.8852734565735,1.0,479.60000000000053,1.0,1008.57568359375,4.0,25.0,0.0
860.8852734565735,1.0,479.60000000000053,1.0,1033.257568359375,0.0,40.0,0.0
860.8852734565735,1.0,479.60000000000053,1.0,1058.3853759765625,8.0,40.0,0.0
860.8852734565735,1.0,479.60000000000053,1.0,1062.4444580078125,0.0,40.0,0.0
860.8852734565735,1.0,479.60000000000053,1.0,1088.677490234375,8.0,40.0,0.0
860.8852734565735,1.0,479.60000000000053,1.0,1177.3878173828125,8.0,40.0,0.0
860.8852734565735,1.0,479.60000000000053,1.0,1180.8280029296875,0.0,40.0,0.0
860.8852734565735,1.0,479.60000000000053,1.0,1187.20068359375,4.0,25.0,0.0
860.8852734565735,1.0,479.60000000000053,1.0,1207.658203125,0.0,40.0,0.0
861.0842235088348,1.0,481.40000000000055,1.0,998.7755126953125,-4.996432494408509e-07,30.0,1.071874976332765e-06
861.0842235088348,1.0,481.40000000000055,1.0,1013.57568359375,4.0,25.0,0.0
861.0842235088348,1.0,481.40000000000055,1.0,1041.257568359375,0.0,40.0,0.0
861.0842235088348,1.0,481.40000000000055,1.0,1066.3853759765625,8.0,40.0,0.0
861.0842235088348,1.0,481.40000000000055,1.0,1070.4444580078125,0.0,40.0,0.0
861.0842235088348,1.0,481.40000000000055,1.0,1096.677490234375,8.0,40.0,0.0
861.0842235088348,1.0,481.40000000000055,1.0,1185.3878173828125,8.0,40.0,0.0
861.0842235088348,1.0,481.40000000000055,1.0,1188.8280029296875,0.0,40.0,0.0
861.0842235088348,1.0,481.40000000000055,1.0,1192.20068359375,4.0,25.0,0.0
861.0842235088348,1.0,481.40000000000055,1.0,1215.658203125,0.0,40.0,0.0
861.2882063388824,1.0,483.20000000000056,1.0,1004.7755126953125,-1.7100857974128303e-07,30.0,1.5768091543577611e-06
861.2882063388824,1.0,483.20000000000056,1.0,1018.57568359375,4.0,25.0,0.0
861.2882063388824,1.0,483.20000000000056,1.0,1049.257568359375,0.0,40.0,0.0
861.2882063388824,1.0,483.20000000000056,1.0,1074.3853759765625,8.0,40.0,0.0
861.2882063388824,1.0,483.20000000000056,1.0,1078.4444580078125,0.0,40.0,0.0
861.2882063388824,1.0,483.20000000000056,1.0,1104.677490234375,8.0,40.0,0.0
861.2882063388824,1.0,483.20000000000056,1.0,1193.3878173828125,8.0,40.0,0.0
861.2882063388824,1.0,483.20000000000056,1.0,1196.8280029296875,0.0,40.0,0.0
861.2882063388824,1.0,483.20000000000056,1.0,1197.20068359375,4.0,25.0,0.0
861.2882063388824,1.0,483.20000000000056,1.0,1223.658203125,0.0,40.0,0.0
861.4866988658905,1.0,485.00000000000057,1.0,1010.7755126953125,2.1236264302615382e-08,30.0,7.260899792527198e-07
861.4866988658905,1.0,485.00000000000057,1.0,1023.57568359375,4.0,25.0,0.0
861.4866988658905,1.0,485.00000000000057,1.0,1057.257568359375,0.0,40.0,0.0
861.4866988658905,1.0,485.00000000000057,1.0,1082.3853759765625,8.0,40.0,0.0
861.4866988658905,1.0,485.00000000000057,1.0,1086.4444580078125,0.0,40.0,0.0
861.4866988658905,1.0,485.00000000000057,1.0,1112.677490234375,8.0,40.0,0.0
861.4866988658905,1.0,485.00000000000057,1.0,1201.3878173828125,8.0,40.0,0.0
861.4866988658905,1.0,485.00000000000057,1.0,1202.20068359375,4.0,25.0,0.0
861.4866988658905,1.0,485.00000000000057,1.0,1204.8280029296875,0.0,40.0,0.0
861.4866988658905,1.0,485.00000000000057,1.0,1231.658203125,0.0,40.0,0.0
861.6852939128876,3.0,486.8000000000006,1.0,1016.7755126953125,5.8139281833291534e-08,30.0,5.186408458257574e-08
861.6852939128876,3.0,486.8000000000006,1.0,1028.57568359375,4.0,25.0,0.0
861.6852939128876,3.0,486.8000000000006,1.0,1065.257568359375,0.0,40.0,0.0
861.6852939128876,3.0,486.8000000000006,1.0,1090.3853759765625,8.0,40.0,0.0
861.6852939128876,3.0,486.8000000000006,1.0,1094.4444580078125,0.0,40.0,0.0
861.6852939128876,3.0,486.8000000000006,1.0,1120.677490234375,8.0,40.0,0.0
861.6852939128876,3.0,486.8000000000006,1.0,1207.20068359375,4.0,25.0,0.0
861.6852939128876,3.0,486.8000000000006,1.0,1209.3878173828125,8.0,40.0,0.0
861.6852939128876,3.0,486.8000000000006,1.0,1212.8280029296875,0.0,40.0,0.0
861.6852939128876,3.0,486.8000000000006,1.0,1236.884521484375,4.0,25.0,0.0
861.884033203125,3.0,490.00000000000057,1.0,1023.442138671875,3.1408429634893764e-08,40.0,-1.8398438328404154e-07
861.884033203125,3.0,490.00000000000057,1.0,1033.57568359375,4.0,25.0,0.0
861.884033203125,3.0,490.00000000000057,1.0,1073.257568359375,0.0,40.0,0.0
861.884033203125,3.0,490.00000000000057,1.0,1098.3853759765625,8.0,40.0,0.0
861.884033203125,3.0,490.00000000000057,1.0,1102.4444580078125,0.0,40.0,0.0
861.884033203125,3.0,490.00000000000057,1.0,1128.677490234375,8.0,40.0,0.0
861.884033203125,3.0,490.00000000000057,1.0,1212.20068359375,4.0,25.0,0.0
861.884033203125,3.0,490.00000000000057,1.0,1217.3878173828125,8.0,40.0,0.0
861.884033203125,3.0,490.00000000000057,1.0,1220.8280029296875,0.0,40.0,0.0
861.884033203125,3.0,490.00000000000057,1.0,1241.884521484375,4.0,25.0,0.0
862.0792379379272,3.0,495.00000000000057,1.0,1032.1087646484375,-3.4080044342132965e-10,50.0,-1.382291827667359e-07
862.0792379379272,3.0,495.00000000000057,1.0,1038.57568359375,4.0,25.0,0.0
862.0792379379272,3.0,495.00000000000057,1.0,1081.257568359375,0.0,40.0,0.0
862.0792379379272,3.0,495.00000000000057,1.0,1106.3853759765625,8.0,40.0,0.0
862.0792379379272,3.0,495.00000000000057,1.0,1110.4444580078125,0.0,40.0,0.0
862.0792379379272,3.0,495.00000000000057,1.0,1136.677490234375,8.0,40.0,0.0
862.0792379379272,3.0,495.00000000000057,1.0,1217.20068359375,4.0,25.0,0.0
862.0792379379272,3.0,495.00000000000057,1.0,1225.3878173828125,8.0,40.0,0.0
862.0792379379272,3.0,495.00000000000057,1.0,1228.8280029296875,0.0,40.0,0.0
862.0792379379272,3.0,495.00000000000057,1.0,1246.884521484375,4.0,25.0,0.0
862.2859432697296,1.0,500.00000000000057,1.0,1042.1087646484375,-1.2718522235388718e-08,50.0,-1.4009320814523107e-08
862.2859432697296,1.0,500.00000000000057,1.0,1043.57568359375,4.0,25.0,0.0
862.2859432697296,1.0,500.00000000000057,1.0,1089.257568359375,0.0,40.0,0.0
862.2859432697296,1.0,500.00000000000057,1.0,1114.3853759765625,8.0,40.0,0.0
862.2859432697296,1.0,500.00000000000057,1.0,1118.4444580078125,0.0,40.0,0.0
862.2859432697296,1.0,500.00000000000057,1.0,1144.677490234375,8.0,40.0,0.0
862.2859432697296,1.0,500.00000000000057,1.0,1222.20068359375,4.0,25.0,0.0
862.2859432697296,1.0,500.00000000000057,1.0,1233.3878173828125,8.0,40.0,0.0
862.2859432697296,1.0,500.00000000000057,1.0,1236.8280029296875,0.0,40.0,0.0
862.2859432697296,1.0,500.00000000000057,1.0,1251.884521484375,4.0,25.0,0.0
862.484705209732,1.0,505.00000000000057,1.0,1052.1087646484375,-8.416403574074138e-09,50.0,3.6896373956096795e-08
862.484705209732,1.0,505.00000000000057,1.0,1049.2423095703125,4.0,30.0,0.0
862.484705209732,1.0,505.00000000000057,1.0,1097.257568359375,0.0,40.0,0.0
862.484705209732,1.0,505.00000000000057,1.0,1122.3853759765625,8.0,40.0,0.0
862.484705209732,1.0,505.00000000000057,1.0,1126.4444580078125,0.0,40.0,0.0
862.484705209732,1.0,505.00000000000057,1.0,1152.677490234375,8.0,40.0,0.0
862.484705209732,1.0,505.00000000000057,1.0,1227.867431640625,4.0,30.0,0.0
862.484705209732,1.0,505.00000000000057,1.0,1241.3878173828125,8.0,40.0,0.0
862.484705209732,1.0,505.00000000000057,1.0,1244.8280029296875,0.0,40.0,0.0
862.484705209732,1.0,505.00000000000057,1.0,1257.55126953125,4.0,30.0,0.0
862.6749353408813,2.0,510.00000000000057,1.0,1061.9300537109375,1.7960506677627563,48.48628616333008,12.209831237792969
862.6749353408813,2.0,510.00000000000057,1.0,1055.9090576171875,4.0,35.0,0.0
862.6749353408813,2.0,510.00000000000057,1.0,1105.257568359375,0.0,40.0,0.0
862.6749353408813,2.0,510.00000000000057,1.0,1130.3853759765625,8.0,40.0,0.0
862.6749353408813,2.0,510.00000000000057,1.0,1134.4444580078125,0.0,40.0,0.0
862.6749353408813,2.0,510.00000000000057,1.0,1160.677490234375,8.0,40.0,0.0
862.6749353408813,2.0,510.00000000000057,1.0,1234.5340576171875,4.0,35.0,0.0
862.6749353408813,2.0,510.00000000000057,1.0,1249.3878173828125,8.0,40.0,0.0
862.6749353408813,2.0,510.00000000000057,1.0,1252.8280029296875,0.0,40.0,0.0
862.6749353408813,2.0,510.00000000000057,1.0,1264.2178955078125,4.0,35.0,0.0
862.8841876983643,1.0,515.0000000000006,1.0,1071.7086181640625,3.8697047233581543,49.355472564697266,8.002334594726562
862.8841876983643,1.0,515.0000000000006,1.0,1062.9090576171875,4.0,35.0,0.0
862.8841876983643,1.0,515.0000000000006,1.0,1113.257568359375,0.0,40.0,0.0
862.8841876983643,1.0,515.0000000000006,1.0,1138.3853759765625,8.0,40.0,0.0
862.8841876983643,1.0,515.0000000000006,1.0,1142.4444580078125,0.0,40.0,0.0
862.8841876983643,1.0,515.0000000000006,1.0,1168.677490234375,8.0,40.0,0.0
862.8841876983643,1.0,515.0000000000006,1.0,1241.5340576171875,4.0,35.0,0.0
862.8841876983643,1.0,515.0000000000006,1.0,1257.3878173828125,8.0,40.0,0.0
862.8841876983643,1.0,515.0000000000006,1.0,1260.8280029296875,0.0,40.0,0.0
862.8841876983643,1.0,515.0000000000006,1.0,1271.2178955078125,4.0,35.0,0.0
863.074845790863,3.0,520.0000000000006,1.0,1081.67138671875,4.652867794036865,49.9840087890625,1.264452338218689
863.074845790863,3.0,520.0000000000006,1.0,1121.257568359375,0.0,40.0,0.0
863.074845790863,3.0,520.0000000000006,1.0,1146.3853759765625,8.0,40.0,0.0
863.074845790863,3.0,520.0000000000006,1.0,1150.4444580078125,0.0,40.0,0.0
863.074845790863,3.0,520.0000000000006,1.0,1176.677490234375,8.0,40.0,0.0
863.074845790863,3.0,520.0000000000006,1.0,1247.867431640625,4.0,30.0,0.0
863.074845790863,3.0,520.0000000000006,1.0,1265.3878173828125,8.0,40.0,0.0
863.074845790863,3.0,520.0000000000006,1.0,1268.8280029296875,0.0,40.0,0.0
863.074845790863,3.0,520.0000000000006,1.0,1277.55126953125,4.0,30.0,0.0
863.074845790863,3.0,520.0000000000006,1.0,1295.658203125,0.0,40.0,0.0
863.2840924263,3.0,527.2000000000006,1.0,1092.335693359375,4.481925964355469,59.966251373291016,-2.0120832920074463
863.2840924263,3.0,527.2000000000006,1.0,1129.257568359375,0.0,40.0,0.0
863.2840924263,3.0,527.2000000000006,1.0,1154.3853759765625,8.0,40.0,0.0
863.2840924263,3.0,527.2000000000006,1.0,1158.4444580078125,0.0,40.0,0.0
863.2840924263,3.0,527.2000000000006,1.0,1184.677490234375,8.0,40.0,0.0
863.2840924263,3.0,527.2000000000006,1.0,1253.867431640625,4.0,30.0,0.0
863.2840924263,3.0,527.2000000000006,1.0,1273.3878173828125,8.0,40.0,0.0
863.2840924263,3.0,527.2000000000006,1.0,1276.8280029296875,0.0,40.0,0.0
863.2840924263,3.0,527.2000000000006,1.0,1283.55126953125,4.0,30.0,0.0
863.2840924263,3.0,527.2000000000006,1.0,1303.658203125,0.0,40.0,0.0
863.48499584198,3.0,537.0000000000006,1.0,1104.9954833984375,4.067625045776367,69.97474670410156,-1.8799909353256226
863.48499584198,3.0,537.0000000000006,1.0,1137.257568359375,0.0,40.0,0.0
863.48499584198,3.0,537.0000000000006,1.0,1162.3853759765625,8.0,40.0,0.0
863.48499584198,3.0,537.0000000000006,1.0,1166.4444580078125,0.0,40.0,0.0
863.48499584198,3.0,537.0000000000006,1.0,1192.677490234375,8.0,40.0,0.0
863.48499584198,3.0,537.0000000000006,1.0,1259.867431640625,4.0,30.0,0.0
863.48499584198,3.0,537.0000000000006,1.0,1281.3878173828125,8.0,40.0,0.0
863.48499584198,3.0,537.0000000000006,1.0,1284.8280029296875,0.0,40.0,0.0
863.48499584198,3.0,537.0000000000006,1.0,1289.55126953125,4.0,30.0,0.0
863.48499584198,3.0,537.0000000000006,1.0,1311.658203125,0.0,40.0,0.0
863.6851930618286,3.0,549.8000000000005,1.0,1119.66015625,3.8382210731506348,79.99877166748047,-0.4440033435821533
863.6851930618286,3.0,549.8000000000005,1.0,1145.257568359375,0.0,40.0,0.0
863.6851930618286,3.0,549.8000000000005,1.0,1170.3853759765625,8.0,40.0,0.0
863.6851930618286,3.0,549.8000000000005,1.0,1174.4444580078125,0.0,40.0,0.0
863.6851930618286,3.0,549.8000000000005,1.0,1200.677490234375,8.0,40.0,0.0
863.6851930618286,3.0,549.8000000000005,1.0,1265.867431640625,4.0,30.0,0.0
863.6851930618286,3.0,549.8000000000005,1.0,1289.3878173828125,8.0,40.0,0.0
863.6851930618286,3.0,549.8000000000005,1.0,1292.8280029296875,0.0,40.0,0.0
863.6851930618286,3.0,549.8000000000005,1.0,1295.55126953125,4.0,30.0,0.0
863.6851930618286,3.0,549.8000000000005,1.0,1319.658203125,0.0,40.0,0.0
863.8798933029175,3.0,566.0000000000006,1.0,1136.3267822265625,3.8538007736206055,89.99862670898438,0.4967244863510132
863.8798933029175,3.0,566.0000000000006,1.0,1153.257568359375,0.0,40.0,0.0
863.8798933029175,3.0,566.0000000000006,1.0,1178.3853759765625,8.0,40.0,0.0
863.8798933029175,3.0,566.0000000000006,1.0,1182.4444580078125,0.0,40.0,0.0
863.8798933029175,3.0,566.0000000000006,1.0,1208.677490234375,8.0,40.0,0.0
863.8798933029175,3.0,566.0000000000006,1.0,1271.867431640625,4.0,30.0,0.0
863.8798933029175,3.0,566.0000000000006,1.0,1297.3878173828125,8.0,40.0,0.0
863.8798933029175,3.0,566.0000000000006,1.0,1300.8280029296875,0.0,40.0,0.0
863.8798933029175,3.0,566.0000000000006,1.0,1301.55126953125,4.0,30.0,0.0
863.8798933029175,3.0,566.0000000000006,1.0,1327.658203125,0.0,40.0,0.0
864.0825259685516,1.0,586.0000000000006,1.0,1154.9930419921875,3.966543436050415,99.99854278564453,0.5392555594444275
864.0825259685516,1.0,586.0000000000006,1.0,1161.257568359375,0.0,40.0,0.0
864.0825259685516,1.0,586.0000000000006,1.0,1186.3853759765625,8.0,40.0,0.0
864.0825259685516,1.0,586.0000000000006,1.0,1190.4444580078125,0.0,40.0,0.0
864.0825259685516,1.0,586.0000000000006,1.0,1216.677490234375,8.0,40.0,0.0
864.0825259685516,1.0,586.0000000000006,1.0,1277.867431640625,4.0,30.0,0.0
864.0825259685516,1.0,586.0000000000006,1.0,1305.3878173828125,8.0,40.0,0.0
864.0825259685516,1.0,586.0000000000006,1.0,1307.55126953125,4.0,30.0,0.0
864.0825259685516,1.0,586.0000000000006,1.0,1308.8280029296875,0.0,40.0,0.0
864.0825259685516,1.0,586.0000000000006,1.0,1335.658203125,0.0,40.0,0.0
864.2836124897003,1.0,606.0000000000006,1.0,1174.992919921875,4.03886604309082,99.99989318847656,0.14583078026771545
864.2836124897003,1.0,606.0000000000006,1.0,1169.257568359375,0.0,40.0,0.0
864.2836124897003,1.0,606.0000000000006,1.0,1194.3853759765625,8.0,40.0,0.0
864.2836124897003,1.0,606.0000000000006,1.0,1198.4444580078125,0.0,40.0,0.0
864.2836124897003,1.0,606.0000000000006,1.0,1224.677490234375,8.0,40.0,0.0
864.2836124897003,1.0,606.0000000000006,1.0,1283.867431640625,4.0,30.0,0.0
864.2836124897003,1.0,606.0000000000006,1.0,1313.3878173828125,8.0,40.0,0.0
864.2836124897003,1.0,606.0000000000006,1.0,1313.55126953125,4.0,30.0,0.0
864.2836124897003,1.0,606.0000000000006,1.0,1316.8280029296875,0.0,40.0,0.0
864.2836124897003,1.0,606.0000000000006,1.0,1343.658203125,0.0,40.0,0.0
864.4802815914154,1.0,626.0000000000006,1.0,1194.992919921875,4.040647029876709,99.99993896484375,-0.11265069246292114
864.4802815914154,1.0,626.0000000000006,1.0,1202.3853759765625,8.0,40.0,0.0
864.4802815914154,1.0,626.0000000000006,1.0,1206.4444580078125,0.0,40.0,0.0
864.4802815914154,1.0,626.0000000000006,1.0,1232.677490234375,8.0,40.0,0.0
864.4802815914154,1.0,626.0000000000006,1.0,1289.867431640625,4.0,30.0,0.0
864.4802815914154,1.0,626.0000000000006,1.0,1319.55126953125,4.0,30.0,0.0
864.4802815914154,1.0,626.0000000000006,1.0,1321.3878173828125,8.0,40.0,0.0
864.4802815914154,1.0,626.0000000000006,1.0,1324.8280029296875,0.0,40.0,0.0
864.4802815914154,1.0,626.0000000000006,1.0,1351.658203125,0.0,40.0,0.0
864.4802815914154,1.0,626.0000000000006,1.0,1463.5206298828125,8.0,40.0,0.0
864.6705417633057,1.0,646.0000000000006,1.0,1214.992919921875,4.0130510330200195,99.99990844726562,-0.13730143010616302
864.6705417633057,1.0,646.0000000000006,1.0,1214.4444580078125,0.0,40.0,0.0
864.6705417633057,1.0,646.0000000000006,1.0,1210.3853759765625,8.0,40.0,0.0
864.6705417633057,1.0,646.0000000000006,1.0,1240.677490234375,8.0,40.0,0.0
864.6705417633057,1.0,646.0000000000006,1.0,1295.867431640625,4.0,30.0,0.0
864.6705417633057,1.0,646.0000000000006,1.0,1325.55126953125,4.0,30.0,0.0
864.6705417633057,1.0,646.0000000000006,1.0,1329.3878173828125,8.0,40.0,0.0
864.6705417633057,1.0,646.0000000000006,1.0,1332.8280029296875,0.0,40.0,0.0
864.6705417633057,1.0,646.0000000000006,1.0,1359.658203125,0.0,40.0,0.0
864.6705417633057,1.0,646.0000000000006,1.0,1471.5206298828125,8.0,40.0,0.0
864.8688793182373,4.0,666.0000000000006,1.0,1234.992919921875,3.992955207824707,99.99998474121094,-0.051517825573682785
864.8688793182373,4.0,666.0000000000006,1.0,1248.677490234375,8.0,40.0,0.0
864.8688793182373,4.0,666.0000000000006,1.0,1301.867431640625,4.0,30.0,0.0
864.8688793182373,4.0,666.0000000000006,1.0,1331.55126953125,4.0,30.0,0.0
864.8688793182373,4.0,666.0000000000006,1.0,1337.3878173828125,8.0,40.0,0.0
864.8688793182373,4.0,666.0000000000006,1.0,1340.8280029296875,0.0,40.0,0.0
864.8688793182373,4.0,666.0000000000006,1.0,1367.658203125,0.0,40.0,0.0
864.8688793182373,4.0,666.0000000000006,1.0,1479.5206298828125,8.0,40.0,0.0
864.8688793182373,4.0,666.0000000000006,1.0,1480.3780517578125,0.0,40.0,0.0
864.8688793182373,4.0,666.0000000000006,1.0,1506.29345703125,8.0,40.0,0.0
865.0685679912567,0.0,682.2000000000006,1.0,1254.326171875,3.9899635314941406,90.0,0.01809404231607914
865.0685679912567,0.0,682.2000000000006,1.0,1256.677490234375,8.0,40.0,0.0
865.0685679912567,0.0,682.2000000000006,1.0,1307.867431640625,4.0,30.0,0.0
865.0685679912567,0.0,682.2000000000006,1.0,1337.55126953125,4.0,30.0,0.0
865.0685679912567,0.0,682.2000000000006,1.0,1345.3878173828125,8.0,40.0,0.0
865.0685679912567,0.0,682.2000000000006,1.0,1348.8280029296875,0.0,40.0,0.0
865.0685679912567,0.0,682.2000000000006,1.0,1375.658203125,0.0,40.0,0.0
865.0685679912567,0.0,682.2000000000006,1.0,1487.5206298828125,8.0,40.0,0.0
865.0685679912567,0.0,682.2000000000006,1.0,1488.3780517578125,0.0,40.0,0.0
865.0685679912567,0.0,682.2000000000006,1.0,1514.29345703125,8.0,40.0,0.0
865.2765185832977,1.0,698.4000000000007,1.0,1272.2470703125,2.470654249191284,89.10896301269531,-12.632978439331055
865.2765185832977,1.0,698.4000000000007,1.0,1264.677490234375,8.0,40.0,0.0
865.2765185832977,1.0,698.4000000000007,1.0,1313.867431640625,4.0,30.0,0.0
865.2765185832977,1.0,698.4000000000007,1.0,1343.55126953125,4.0,30.0,0.0
865.2765185832977,1.0,698.4000000000007,1.0,1353.3878173828125,8.0,40.0,0.0
865.2765185832977,1.0,698.4000000000007,1.0,1356.8280029296875,0.0,40.0,0.0
865.2765185832977,1.0,698.4000000000007,1.0,1383.658203125,0.0,40.0,0.0
865.2765185832977,1.0,698.4000000000007,1.0,1495.5206298828125,8.0,40.0,0.0
865.2765185832977,1.0,698.4000000000007,1.0,1496.3780517578125,0.0,40.0,0.0
865.2765185832977,1.0,698.4000000000007,1.0,1522.29345703125,8.0,40.0,0.0
865.4737842082977,1.0,714.6000000000007,1.0,1290.0970458984375,0.16055642068386078,89.57023620605469,-8.78480052947998
865.4737842082977,1.0,714.6000000000007,1.0,1319.867431640625,4.0,30.0,0.0
865.4737842082977,1.0,714.6000000000007,1.0,1349.55126953125,4.0,30.0,0.0
865.4737842082977,1.0,714.6000000000007,1.0,1361.3878173828125,8.0,40.0,0.0
865.4737842082977,1.0,714.6000000000007,1.0,1364.8280029296875,0.0,40.0,0.0
865.4737842082977,1.0,714.6000000000007,1.0,1391.658203125,0.0,40.0,0.0
865.4737842082977,1.0,714.6000000000007,1.0,1503.5206298828125,8.0,40.0,0.0
865.4737842082977,1.0,714.6000000000007,1.0,1504.3780517578125,0.0,40.0,0.0
865.4737842082977,1.0,714.6000000000007,1.0,1530.29345703125,8.0,40.0,0.0
865.4737842082977,1.0,714.6000000000007,1.0,1557.202880859375,8.0,40.0,0.0
865.6729190349579,1.0,730.8000000000008,1.0,1308.0633544921875,-0.8561784029006958,89.99214172363281,-1.18926203250885
865.6729190349579,1.0,730.8000000000008,1.0,1325.867431640625,4.0,30.0,0.0
865.6729190349579,1.0,730.8000000000008,1.0,1355.55126953125,4.0,30.0,0.0
865.6729190349579,1.0,730.8000000000008,1.0,1369.3878173828125,8.0,40.0,0.0
865.6729190349579,1.0,730.8000000000008,1.0,1372.8280029296875,0.0,40.0,0.0
865.6729190349579,1.0,730.8000000000008,1.0,1399.658203125,0.0,40.0,0.0
865.6729190349579,1.0,730.8000000000008,1.0,1511.5206298828125,8.0,40.0,0.0
865.6729190349579,1.0,730.8000000000008,1.0,1512.3780517578125,0.0,40.0,0.0
865.6729190349579,1.0,730.8000000000008,1.0,1538.29345703125,8.0,40.0,0.0
865.6729190349579,1.0,730.8000000000008,1.0,1565.202880859375,8.0,40.0,0.0
865.8721113204956,4.0,743.6000000000007,1.0,1325.394287109375,-0.6643967032432556,79.96245574951172,2.4506373405456543
865.8721113204956,4.0,743.6000000000007,1.0,1331.867431640625,4.0,30.0,0.0
865.8721113204956,4.0,743.6000000000007,1.0,1361.55126953125,4.0,30.0,0.0
865.8721113204956,4.0,743.6000000000007,1.0,1377.3878173828125,8.0,40.0,0.0
865.8721113204956,4.0,743.6000000000007,1.0,1380.8280029296875,0.0,40.0,0.0
865.8721113204956,4.0,743.6000000000007,1.0,1407.658203125,0.0,40.0,0.0
865.8721113204956,4.0,743.6000000000007,1.0,1519.5206298828125,8.0,40.0,0.0
865.8721113204956,4.0,743.6000000000007,1.0,1520.3780517578125,0.0,40.0,0.0
865.8721113204956,4.0,743.6000000000007,1.0,1546.29345703125,8.0,40.0,0.0
865.8721113204956,4.0,743.6000000000007,1.0,1573.202880859375,8.0,40.0,0.0
866.0673496723175,1.0,753.4000000000007,1.0,1340.719482421875,-0.16451556980609894,69.96932983398438,2.0720109939575195
866.0673496723175,1.0,753.4000000000007,1.0,1337.867431640625,4.0,30.0,0.0
866.0673496723175,1.0,753.4000000000007,1.0,1367.55126953125,4.0,30.0,0.0
866.0673496723175,1.0,753.4000000000007,1.0,1385.3878173828125,8.0,40.0,0.0
866.0673496723175,1.0,753.4000000000007,1.0,1388.8280029296875,0.0,40.0,0.0
866.0673496723175,1.0,753.4000000000007,1.0,1415.658203125,0.0,40.0,0.0
866.0673496723175,1.0,753.4000000000007,1.0,1527.5206298828125,8.0,40.0,0.0
866.0673496723175,1.0,753.4000000000007,1.0,1528.3780517578125,0.0,40.0,0.0
866.0673496723175,1.0,753.4000000000007,1.0,1554.29345703125,8.0,40.0,0.0
866.0673496723175,1.0,753.4000000000007,1.0,1581.202880859375,8.0,40.0,0.0
866.2722828388214,4.0,763.2000000000006,1.0,1354.7164306640625,0.1129894033074379,69.99654388427734,0.695247232913971
866.2722828388214,4.0,763.2000000000006,1.0,1373.55126953125,4.0,30.0,0.0
866.2722828388214,4.0,763.2000000000006,1.0,1393.3878173828125,8.0,40.0,0.0
866.2722828388214,4.0,763.2000000000006,1.0,1396.8280029296875,0.0,40.0,0.0
866.2722828388214,4.0,763.2000000000006,1.0,1423.658203125,0.0,40.0,0.0
866.2722828388214,4.0,763.2000000000006,1.0,1535.5206298828125,8.0,40.0,0.0
866.2722828388214,4.0,763.2000000000006,1.0,1536.3780517578125,0.0,40.0,0.0
866.2722828388214,4.0,763.2000000000006,1.0,1562.29345703125,8.0,40.0,0.0
866.2722828388214,4.0,763.2000000000006,1.0,1589.202880859375,8.0,40.0,0.0
866.2722828388214,4.0,763.2000000000006,1.0,1598.1888427734375,4.0,30.0,0.0
866.4745783805847,1.0,770.4000000000007,1.0,1368.0496826171875,0.13632743060588837,59.999366760253906,-0.27558764815330505
866.4745783805847,1.0,770.4000000000007,1.0,1379.55126953125,4.0,30.0,0.0
866.4745783805847,1.0,770.4000000000007,1.0,1401.3878173828125,8.0,40.0,0.0
866.4745783805847,1.0,770.4000000000007,1.0,1404.8280029296875,0.0,40.0,0.0
866.4745783805847,1.0,770.4000000000007,1.0,1431.658203125,0.0,40.0,0.0
866.4745783805847,1.0,770.4000000000007,1.0,1543.5206298828125,8.0,40.0,0.0
866.4745783805847,1.0,770.4000000000007,1.0,1544.3780517578125,0.0,40.0,0.0
866.4745783805847,1.0,770.4000000000007,1.0,1570.29345703125,8.0,40.0,0.0
866.4745783805847,1.0,770.4000000000007,1.0,1597.202880859375,8.0,40.0,0.0
866.4745783805847,1.0,770.4000000000007,1.0,1604.1888427734375,4.0,30.0,0.0
866.6653168201447,1.0,777.6000000000007,1.0,1380.0494384765625,0.05273653194308281,59.99834442138672,-0.445480078458786
866.6653168201447,1.0,777.6000000000007,1.0,1385.55126953125,4.0,30.0,0.0
866.6653168201447,1.0,777.6000000000007,1.0,1409.3878173828125,8.0,40.0,0.0
866.6653168201447,1.0,777.6000000000007,1.0,1412.8280029296875,0.0,40.0,0.0
866.6653168201447,1.0,777.6000000000007,1.0,1439.658203125,0.0,40.0,0.0
866.6653168201447,1.0,777.6000000000007,1.0,1551.5206298828125,8.0,40.0,0.0
866.6653168201447,1.0,777.6000000000007,1.0,1552.3780517578125,0.0,40.0,0.0
866.6653168201447,1.0,777.6000000000007,1.0,1578.29345703125,8.0,40.0,0.0
866.6653168201447,1.0,777.6000000000007,1.0,1605.202880859375,8.0,40.0,0.0
866.6653168201447,1.0,777.6000000000007,1.0,1610.1888427734375,4.0,30.0,0.0
866.8699376583099,1.0,784.8000000000008,1.0,1392.0491943359375,-0.01255760621279478,59.99964904785156,-0.2052527368068695
866.8699376583099,1.0,784.8000000000008,1.0,1391.55126953125,4.0,30.0,0.0
866.8699376583099,1.0,784.8000000000008,1.0,1417.3878173828125,8.0,40.0,0.0
866.8699376583099,1.0,784.8000000000008,1.0,1420.8280029296875,0.0,40.0,0.0
866.8699376583099,1.0,784.8000000000008,1.0,1447.658203125,0.0,40.0,0.0
866.8699376583099,1.0,784.8000000000008,1.0,1559.5206298828125,8.0,40.0,0.0
866.8699376583099,1.0,784.8000000000008,1.0,1560.3780517578125,0.0,40.0,0.0
866.8699376583099,1.0,784.8000000000008,1.0,1586.29345703125,8.0,40.0,0.0
866.8699376583099,1.0,784.8000000000008,1.0,1613.202880859375,8.0,40.0,0.0
866.8699376583099,1.0,784.8000000000008,1.0,1616.1888427734375,4.0,30.0,0.0
867.0623717308044,2.0,792.0000000000008,1.0,1404.0491943359375,-0.027289217337965965,59.999996185302734,0.018626445904374123
867.0623717308044,2.0,792.0000000000008,1.0,1397.55126953125,4.0,30.0,0.0
867.0623717308044,2.0,792.0000000000008,1.0,1425.3878173828125,8.0,40.0,0.0
867.0623717308044,2.0,792.0000000000008,1.0,1428.8280029296875,0.0,40.0,0.0
867.0623717308044,2.0,792.0000000000008,1.0,1455.658203125,0.0,40.0,0.0
867.0623717308044,2.0,792.0000000000008,1.0,1567.5206298828125,8.0,40.0,0.0
867.0623717308044,2.0,792.0000000000008,1.0,1568.3780517578125,0.0,40.0,0.0
867.0623717308044,2.0,792.0000000000008,1.0,1594.29345703125,8.0,40.0,0.0
867.0623717308044,2.0,792.0000000000008,1.0,1621.202880859375,8.0,40.0,0.0
867.0623717308044,2.0,792.0000000000008,1.0,1622.1888427734375,4.0,30.0,0.0
867.2598967552185,1.0,799.2000000000008,1.0,1415.9102783203125,1.6792904138565063,58.692108154296875,12.459393501281738
867.2598967552185,1.0,799.2000000000008,1.0,1433.3878173828125,8.0,40.0,0.0
867.2598967552185,1.0,799.2000000000008,1.0,1436.8280029296875,0.0,40.0,0.0
867.2598967552185,1.0,799.2000000000008,1.0,1463.658203125,0.0,40.0,0.0
867.2598967552185,1.0,799.2000000000008,1.0,1575.5206298828125,8.0,40.0,0.0
867.2598967552185,1.0,799.2000000000008,1.0,1576.3780517578125,0.0,40.0,0.0
867.2598967552185,1.0,799.2000000000008,1.0,1602.29345703125,8.0,40.0,0.0
867.2598967552185,1.0,799.2000000000008,1.0,1628.1888427734375,4.0,30.0,0.0
867.2598967552185,1.0,799.2000000000008,1.0,1629.202880859375,8.0,40.0,0.0
867.2598967552185,1.0,799.2000000000008,1.0,1688.2373046875,8.0,40.0,0.0
867.4686920642853,1.0,806.4000000000009,1.0,1427.7078857421875,3.858915328979492,59.41598129272461,8.351107597351074
867.4686920642853,1.0,806.4000000000009,1.0,1441.3878173828125,8.0,40.0,0.0
867.4686920642853,1.0,806.4000000000009,1.0,1444.8280029296875,0.0,40.0,0.0
867.4686920642853,1.0,806.4000000000009,1.0,1471.658203125,0.0,40.0,0.0
867.4686920642853,1.0,806.4000000000009,1.0,1583.5206298828125,8.0,40.0,0.0
867.4686920642853,1.0,806.4000000000009,1.0,1584.3780517578125,0.0,40.0,0.0
867.4686920642853,1.0,806.4000000000009,1.0,1610.29345703125,8.0,40.0,0.0
867.4686920642853,1.0,806.4000000000009,1.0,1634.1888427734375,4.0,30.0,0.0
867.4686920642853,1.0,806.4000000000009,1.0,1637.202880859375,8.0,40.0,0.0
867.4686920642853,1.0,806.4000000000009,1.0,1696.2373046875,8.0,40.0,0.0
867.6634728908539,3.0,813.6000000000009,1.0,1439.6697998046875,4.730892181396484,59.987056732177734,1.2461702823638916
867.6634728908539,3.0,813.6000000000009,1.0,1449.3878173828125,8.0,40.0,0.0
867.6634728908539,3.0,813.6000000000009,1.0,1452.8280029296875,0.0,40.0,0.0
867.6634728908539,3.0,813.6000000000009,1.0,1479.658203125,0.0,40.0,0.0
867.6634728908539,3.0,813.6000000000009,1.0,1591.5206298828125,8.0,40.0,0.0
867.6634728908539,3.0,813.6000000000009,1.0,1592.3780517578125,0.0,40.0,0.0
867.6634728908539,3.0,813.6000000000009,1.0,1618.29345703125,8.0,40.0,0.0
867.6634728908539,3.0,813.6000000000009,1.0,1640.1888427734375,4.0,30.0,0.0
867.6634728908539,3.0,813.6000000000009,1.0,1645.202880859375,8.0,40.0,0.0
867.6634728908539,3.0,813.6000000000009,1.0,1704.2373046875,8.0,40.0,0.0
867.8658373355865,3.0,823.4000000000009,1.0,1452.333984375,4.546082973480225,69.96222686767578,-2.2991912364959717
867.8658373355865,3.0,823.4000000000009,1.0,1457.3878173828125,8.0,40.0,0.0
867.8658373355865,3.0,823.4000000000009,1.0,1460.8280029296875,0.0,40.0,0.0
867.8658373355865,3.0,823.4000000000009,1.0,1487.658203125,0.0,40.0,0.0
867.8658373355865,3.0,823.4000000000009,1.0,1599.5206298828125,8.0,40.0,0.0
867.8658373355865,3.0,823.4000000000009,1.0,1600.3780517578125,0.0,40.0,0.0
867.8658373355865,3.0,823.4000000000009,1.0,1626.29345703125,8.0,40.0,0.0
867.8658373355865,3.0,823.4000000000009,1.0,1646.1888427734375,4.0,30.0,0.0
867.8658373355865,3.0,823.4000000000009,1.0,1653.202880859375,8.0,40.0,0.0
867.8658373355865,3.0,823.4000000000009,1.0,1712.2373046875,8.0,40.0,0.0
868.0653750896454,3.0,836.2000000000008,1.0,1466.9930419921875,4.074706077575684,79.97241973876953,-2.100586175918579
868.0653750896454,3.0,836.2000000000008,1.0,1465.3878173828125,8.0,40.0,0.0
868.0653750896454,3.0,836.2000000000008,1.0,1468.8280029296875,0.0,40.0,0.0
868.0653750896454,3.0,836.2000000000008,1.0,1495.658203125,0.0,40.0,0.0
868.0653750896454,3.0,836.2000000000008,1.0,1607.5206298828125,8.0,40.0,0.0
868.0653750896454,3.0,836.2000000000008,1.0,1608.3780517578125,0.0,40.0,0.0
868.0653750896454,3.0,836.2000000000008,1.0,1634.29345703125,8.0,40.0,0.0
868.0653750896454,3.0,836.2000000000008,1.0,1652.85546875,4.0,35.0,0.0
868.0653750896454,3.0,836.2000000000008,1.0,1661.202880859375,8.0,40.0,0.0
868.0653750896454,3.0,836.2000000000008,1.0,1720.2373046875,8.0,40.0,0.0
868.2623760700226,1.0,852.4000000000009,1.0,1483.657470703125,3.8133411407470703,89.99876403808594,-0.4720478951931
868.2623760700226,1.0,852.4000000000009,1.0,1476.8280029296875,0.0,40.0,0.0
868.2623760700226,1.0,852.4000000000009,1.0,1503.658203125,0.0,40.0,0.0
868.2623760700226,1.0,852.4000000000009,1.0,1615.5206298828125,8.0,40.0,0.0
868.2623760700226,1.0,852.4000000000009,1.0,1616.3780517578125,0.0,40.0,0.0
868.2623760700226,1.0,852.4000000000009,1.0,1642.29345703125,8.0,40.0,0.0
868.2623760700226,1.0,852.4000000000009,1.0,1659.85546875,4.0,35.0,0.0
868.2623760700226,1.0,852.4000000000009,1.0,1669.202880859375,8.0,40.0,0.0
868.2623760700226,1.0,852.4000000000009,1.0,1728.2373046875,8.0,40.0,0.0
868.2623760700226,1.0,852.4000000000009,1.0,1773.2091064453125,4.0,35.0,0.0
868.4623575210571,1.0,868.6000000000009,1.0,1501.6573486328125,3.832728385925293,89.99830627441406,0.5526959896087646
868.4623575210571,1.0,868.6000000000009,1.0,1510.991455078125,0.0,35.0,0.0
868.4623575210571,1.0,868.6000000000009,1.0,1623.5206298828125,8.0,40.0,0.0
868.4623575210571,1.0,868.6000000000009,1.0,1623.71142578125,0.0,35.0,0.0
868.4623575210571,1.0,868.6000000000009,1.0,1650.29345703125,8.0,40.0,0.0
868.4623575210571,1.0,868.6000000000009,1.0,1666.85546875,4.0,35.0,0.0
868.4623575210571,1.0,868.6000000000009,1.0,1677.202880859375,8.0,40.0,0.0
868.4623575210571,1.0,868.6000000000009,1.0,1736.2373046875,8.0,40.0,0.0
868.4623575210571,1.0,868.6000000000009,1.0,1780.2091064453125,4.0,35.0,0.0
868.4623575210571,1.0,868.6000000000009,1.0,1792.73681640625,8.0,40.0,0.0
868.6614470481873,1.0,884.800000000001,1.0,1519.6568603515625,3.9561963081359863,89.9981918334961,0.5708746910095215
868.6614470481873,1.0,884.800000000001,1.0,1517.991455078125,0.0,35.0,0.0
868.6614470481873,1.0,884.800000000001,1.0,1630.71142578125,0.0,35.0,0.0
868.6614470481873,1.0,884.800000000001,1.0,1631.5206298828125,8.0,40.0,0.0
868.6614470481873,1.0,884.800000000001,1.0,1658.29345703125,8.0,40.0,0.0
868.6614470481873,1.0,884.800000000001,1.0,1673.85546875,4.0,35.0,0.0
868.6614470481873,1.0,884.800000000001,1.0,1685.202880859375,8.0,40.0,0.0
868.6614470481873,1.0,884.800000000001,1.0,1744.2373046875,8.0,40.0,0.0
868.6614470481873,1.0,884.800000000001,1.0,1787.2091064453125,4.0,35.0,0.0
868.6614470481873,1.0,884.800000000001,1.0,1800.73681640625,8.0,40.0,0.0
868.8583178520203,1.0,901.000000000001,1.0,1537.65673828125,4.034865856170654,89.99981689453125,0.18251146376132965
868.8583178520203,1.0,901.000000000001,1.0,1637.0447998046875,0.0,30.0,0.0
868.8583178520203,1.0,901.000000000001,1.0,1639.5206298828125,8.0,40.0,0.0
868.8583178520203,1.0,901.000000000001,1.0,1666.29345703125,8.0,40.0,0.0
868.8583178520203,1.0,901.000000000001,1.0,1680.85546875,4.0,35.0,0.0
868.8583178520203,1.0,901.000000000001,1.0,1693.202880859375,8.0,40.0,0.0
868.8583178520203,1.0,901.000000000001,1.0,1752.2373046875,8.0,40.0,0.0
868.8583178520203,1.0,901.000000000001,1.0,1794.2091064453125,4.0,35.0,0.0
868.8583178520203,1.0,901.000000000001,1.0,1808.73681640625,8.0,40.0,0.0
868.8583178520203,1.0,901.000000000001,1.0,1836.3416748046875,8.0,40.0,0.0
869.0542118549347,1.0,917.2000000000011,1.0,1555.65673828125,4.041502952575684,89.99994659423828,-0.09592748433351517
869.0542118549347,1.0,917.2000000000011,1.0,1643.0447998046875,0.0,30.0,0.0
869.0542118549347,1.0,917.2000000000011,1.0,1647.5206298828125,8.0,40.0,0.0
869.0542118549347,1.0,917.2000000000011,1.0,1674.29345703125,8.0,40.0,0.0
869.0542118549347,1.0,917.2000000000011,1.0,1687.85546875,4.0,35.0,0.0
869.0542118549347,1.0,917.2000000000011,1.0,1701.202880859375,8.0,40.0,0.0
869.0542118549347,1.0,917.2000000000011,1.0,1760.2373046875,8.0,40.0,0.0
869.0542118549347,1.0,917.2000000000011,1.0,1801.2091064453125,4.0,35.0,0.0
869.0542118549347,1.0,917.2000000000011,1.0,1816.73681640625,8.0,40.0,0.0
869.0542118549347,1.0,917.2000000000011,1.0,1843.8468017578125,0.0,30.0,0.0
869.2502827644348,1.0,933.4000000000011,1.0,1573.65673828125,4.0153489112854,89.99989318847656,-0.13845109939575195
869.2502827644348,1.0,933.4000000000011,1.0,1649.0447998046875,0.0,30.0,0.0
869.2502827644348,1.0,933.4000000000011,1.0,1655.5206298828125,8.0,40.0,0.0
869.2502827644348,1.0,933.4000000000011,1.0,1682.29345703125,8.0,40.0,0.0
869.2502827644348,1.0,933.4000000000011,1.0,1694.1888427734375,4.0,30.0,0.0
869.2502827644348,1.0,933.4000000000011,1.0,1709.202880859375,8.0,40.0,0.0
869.2502827644348,1.0,933.4000000000011,1.0,1768.2373046875,8.0,40.0,0.0
869.2502827644348,1.0,933.4000000000011,1.0,1807.54248046875,4.0,30.0,0.0
869.2502827644348,1.0,933.4000000000011,1.0,1824.73681640625,8.0,40.0,0.0
869.2502827644348,1.0,933.4000000000011,1.0,1849.8468017578125,0.0,30.0,0.0
869.4592690467834,1.0,949.6000000000012,1.0,1591.65673828125,3.9944794178009033,89.9999771118164,-0.05918126925826073
869.4592690467834,1.0,949.6000000000012,1.0,1655.0447998046875,0.0,30.0,0.0
869.4592690467834,1.0,949.6000000000012,1.0,1663.5206298828125,8.0,40.0,0.0
869.4592690467834,1.0,949.6000000000012,1.0,1690.29345703125,8.0,40.0,0.0
869.4592690467834,1.0,949.6000000000012,1.0,1700.1888427734375,4.0,30.0,0.0
869.4592690467834,1.0,949.6000000000012,1.0,1717.202880859375,8.0,40.0,0.0
869.4592690467834,1.0,949.6000000000012,1.0,1776.2373046875,8.0,40.0,0.0
869.4592690467834,1.0,949.6000000000012,1.0,1813.54248046875,4.0,30.0,0.0
869.4592690467834,1.0,949.6000000000012,1.0,1832.73681640625,8.0,40.0,0.0
869.4592690467834,1.0,949.6000000000012,1.0,1855.8468017578125,0.0,30.0,0.0
869.6591122150421,1.0,965.8000000000012,1.0,1609.65673828125,3.990135669708252,90.0,0.012842501513659954
869.6591122150421,1.0,965.8000000000012,1.0,1661.0447998046875,0.0,30.0,0.0
869.6591122150421,1.0,965.8000000000012,1.0,1671.5206298828125,8.0,40.0,0.0
869.6591122150421,1.0,965.8000000000012,1.0,1698.29345703125,8.0,40.0,0.0
869.6591122150421,1.0,965.8000000000012,1.0,1706.1888427734375,4.0,30.0,0.0
869.6591122150421,1.0,965.8000000000012,1.0,1725.202880859375,8.0,40.0,0.0
869.6591122150421,1.0,965.8000000000012,1.0,1784.2373046875,8.0,40.0,0.0
869.6591122150421,1.0,965.8000000000012,1.0,1819.54248046875,4.0,30.0,0.0
869.6591122150421,1.0,965.8000000000012,1.0,1840.73681640625,8.0,40.0,0.0
869.6591122150421,1.0,965.8000000000012,1.0,1861.8468017578125,0.0,30.0,0.0
869.8531758785248,1.0,982.0000000000013,1.0,1627.65673828125,3.995269298553467,89.99999237060547,0.03213515132665634
869.8531758785248,1.0,982.0000000000013,1.0,1667.71142578125,0.0,35.0,0.0
869.8531758785248,1.0,982.0000000000013,1.0,1679.5206298828125,8.0,40.0,0.0
869.8531758785248,1.0,982.0000000000013,1.0,1706.29345703125,8.0,40.0,0.0
869.8531758785248,1.0,982.0000000000013,1.0,1712.1888427734375,4.0,30.0,0.0
869.8531758785248,1.0,982.0000000000013,1.0,1733.202880859375,8.0,40.0,0.0
869.8531758785248,1.0,982.0000000000013,1.0,1792.2373046875,8.0,40.0,0.0
869.8531758785248,1.0,982.0000000000013,1.0,1825.54248046875,4.0,30.0,0.0
869.8531758785248,1.0,982.0000000000013,1.0,1848.73681640625,8.0,40.0,0.0
869.8531758785248,1.0,982.0000000000013,1.0,1868.513427734375,0.0,35.0,0.0
870.0582811832428,1.0,998.2000000000013,1.0,1645.65673828125,4.000555515289307,90.0,0.017424212768673897
870.0582811832428,1.0,998.2000000000013,1.0,1675.3780517578125,0.0,40.0,0.0
870.0582811832428,1.0,998.2000000000013,1.0,1687.5206298828125,8.0,40.0,0.0
870.0582811832428,1.0,998.2000000000013,1.0,1714.29345703125,8.0,40.0,0.0
870.0582811832428,1.0,998.2000000000013,1.0,1718.1888427734375,4.0,30.0,0.0
870.0582811832428,1.0,998.2000000000013,1.0,1741.202880859375,8.0,40.0,0.0
870.0582811832428,1.0,998.2000000000013,1.0,1800.2373046875,8.0,40.0,0.0
870.0582811832428,1.0,998.2000000000013,1.0,1831.54248046875,4.0,30.0,0.0
870.0582811832428,1.0,998.2000000000013,1.0,1856.73681640625,8.0,40.0,0.0
870.0582811832428,1.0,998.2000000000013,1.0,1876.1800537109375,0.0,40.0,0.0
870.2542884349823,1.0,1014.4000000000013,1.0,1663.65673828125,4.00223970413208,90.0,-0.000404274498578161
870.2542884349823,1.0,1014.4000000000013,1.0,1682.71142578125,0.0,35.0,0.0
870.2542884349823,1.0,1014.4000000000013,1.0,1695.5206298828125,8.0,40.0,0.0
870.2542884349823,1.0,1014.4000000000013,1.0,1722.29345703125,8.0,40.0,0.0
870.2542884349823,1.0,1014.4000000000013,1.0,1724.85546875,4.0,35.0,0.0
870.2542884349823,1.0,1014.4000000000013,1.0,1749.202880859375,8.0,40.0,0.0
870.2542884349823,1.0,1014.4000000000013,1.0,1808.2373046875,8.0,40.0,0.0
870.2542884349823,1.0,1014.4000000000013,1.0,1838.2091064453125,4.0,35.0,0.0
870.2542884349823,1.0,1014.4000000000013,1.0,1864.73681640625,8.0,40.0,0.0
870.2542884349823,1.0,1014.4000000000013,1.0,1883.513427734375,0.0,35.0,0.0
870.4501466751099,1.0,1030.6000000000013,1.0,1681.65673828125,4.001347541809082,90.0,-0.007102106232196093
870.4501466751099,1.0,1030.6000000000013,1.0,1689.71142578125,0.0,35.0,0.0
870.4501466751099,1.0,1030.6000000000013,1.0,1703.5206298828125,8.0,40.0,0.0
870.4501466751099,1.0,1030.6000000000013,1.0,1730.29345703125,8.0,40.0,0.0
870.4501466751099,1.0,1030.6000000000013,1.0,1731.85546875,4.0,35.0,0.0
870.4501466751099,1.0,1030.6000000000013,1.0,1757.202880859375,8.0,40.0,0.0
870.4501466751099,1.0,1030.6000000000013,1.0,1816.2373046875,8.0,40.0,0.0
870.4501466751099,1.0,1030.6000000000013,1.0,1845.2091064453125,4.0,35.0,0.0
870.4501466751099,1.0,1030.6000000000013,1.0,1872.73681640625,8.0,40.0,0.0
870.4501466751099,1.0,1030.6000000000013,1.0,1890.513427734375,0.0,35.0,0.0
870.6489918231964,4.0,1046.8000000000013,1.0,1699.65673828125,4.000064849853516,90.0,-0.004803529009222984
870.6489918231964,4.0,1046.8000000000013,1.0,1696.71142578125,0.0,35.0,0.0
870.6489918231964,4.0,1046.8000000000013,1.0,1711.5206298828125,8.0,40.0,0.0
870.6489918231964,4.0,1046.8000000000013,1.0,1738.29345703125,8.0,40.0,0.0
870.6489918231964,4.0,1046.8000000000013,1.0,1738.85546875,4.0,35.0,0.0
870.6489918231964,4.0,1046.8000000000013,1.0,1765.202880859375,8.0,40.0,0.0
870.6489918231964,4.0,1046.8000000000013,1.0,1824.2373046875,8.0,40.0,0.0
870.6489918231964,4.0,1046.8000000000013,1.0,1852.2091064453125,4.0,35.0,0.0
870.6489918231964,4.0,1046.8000000000013,1.0,1880.73681640625,8.0,40.0,0.0
870.6489918231964,4.0,1046.8000000000013,1.0,1897.513427734375,0.0,35.0,0.0
870.8507313728333,4.0,1059.6000000000013,1.0,1716.989990234375,3.999537229537964,80.0,-0.00047101141535677016
870.8507313728333,4.0,1059.6000000000013,1.0,1719.5206298828125,8.0,40.0,0.0
870.8507313728333,4.0,1059.6000000000013,1.0,1745.85546875,4.0,35.0,0.0
870.8507313728333,4.0,1059.6000000000013,1.0,1746.29345703125,8.0,40.0,0.0
870.8507313728333,4.0,1059.6000000000013,1.0,1773.202880859375,8.0,40.0,0.0
870.8507313728333,4.0,1059.6000000000013,1.0,1832.2373046875,8.0,40.0,0.0
870.8507313728333,4.0,1059.6000000000013,1.0,1859.2091064453125,4.0,35.0,0.0
870.8507313728333,4.0,1059.6000000000013,1.0,1888.73681640625,8.0,40.0,0.0
870.8507313728333,4.0,1059.6000000000013,1.0,1904.513427734375,0.0,35.0,0.0
870.8507313728333,4.0,1059.6000000000013,1.0,1916.3416748046875,8.0,40.0,0.0
871.056333065033,0.0,1072.4000000000012,1.0,1732.8974609375,2.4327847957611084,79.0033187866211,-12.588696479797363
871.056333065033,0.0,1072.4000000000012,1.0,1727.5206298828125,8.0,40.0,0.0
871.056333065033,0.0,1072.4000000000012,1.0,1752.85546875,4.0,35.0,0.0
871.056333065033,0.0,1072.4000000000012,1.0,1754.29345703125,8.0,40.0,0.0
871.056333065033,0.0,1072.4000000000012,1.0,1781.202880859375,8.0,40.0,0.0
871.056333065033,0.0,1072.4000000000012,1.0,1840.2373046875,8.0,40.0,0.0
871.056333065033,0.0,1072.4000000000012,1.0,1866.2091064453125,4.0,35.0,0.0
871.056333065033,0.0,1072.4000000000012,1.0,1896.73681640625,8.0,40.0,0.0
871.056333065033,0.0,1072.4000000000012,1.0,1911.513427734375,0.0,35.0,0.0
871.056333065033,0.0,1072.4000000000012,1.0,1924.3416748046875,8.0,40.0,0.0
871.2456197738647,1.0,1085.2000000000012,1.0,1748.73291015625,0.15499506890773773,79.52845001220703,-8.673264503479004
871.2456197738647,1.0,1085.2000000000012,1.0,1760.522216796875,4.0,40.0,0.0
871.2456197738647,1.0,1085.2000000000012,1.0,1762.29345703125,8.0,40.0,0.0
871.2456197738647,1.0,1085.2000000000012,1.0,1789.202880859375,8.0,40.0,0.0
871.2456197738647,1.0,1085.2000000000012,1.0,1848.2373046875,8.0,40.0,0.0
871.2456197738647,1.0,1085.2000000000012,1.0,1873.8758544921875,4.0,40.0,0.0
871.2456197738647,1.0,1085.2000000000012,1.0,1904.73681640625,8.0,40.0,0.0
871.2456197738647,1.0,1085.2000000000012,1.0,1918.513427734375,0.0,35.0,0.0
871.2456197738647,1.0,1085.2000000000012,1.0,1932.3416748046875,8.0,40.0,0.0
871.2456197738647,1.0,1085.2000000000012,1.0,1945.6837158203125,0.0,35.0,0.0
871.4493327140808,3.0,1098.0000000000011,1.0,1764.6976318359375,-0.8237875699996948,79.99095916748047,-1.2027866840362549
871.4493327140808,3.0,1098.0000000000011,1.0,1768.522216796875,4.0,40.0,0.0
871.4493327140808,3.0,1098.0000000000011,1.0,1770.29345703125,8.0,40.0,0.0
871.4493327140808,3.0,1098.0000000000011,1.0,1797.202880859375,8.0,40.0,0.0
871.4493327140808,3.0,1098.0000000000011,1.0,1856.2373046875,8.0,40.0,0.0
871.4493327140808,3.0,1098.0000000000011,1.0,1881.8758544921875,4.0,40.0,0.0
871.4493327140808,3.0,1098.0000000000011,1.0,1912.73681640625,8.0,40.0,0.0
871.4493327140808,3.0,1098.0000000000011,1.0,1925.513427734375,0.0,35.0,0.0
871.4493327140808,3.0,1098.0000000000011,1.0,1940.3416748046875,8.0,40.0,0.0
871.4493327140808,3.0,1098.0000000000011,1.0,1952.6837158203125,0.0,35.0,0.0
871.64928150177,1.0,1114.2000000000012,1.0,1781.36181640625,-0.6276599764823914,89.96122741699219,2.64146089553833
871.64928150177,1.0,1114.2000000000012,1.0,1777.6268310546875,8.0,35.0,0.0
871.64928150177,1.0,1114.2000000000012,1.0,1776.522216796875,4.0,40.0,0.0
871.64928150177,1.0,1114.2000000000012,1.0,1804.5361328125,8.0,35.0,0.0
871.64928150177,1.0,1114.2000000000012,1.0,1863.5706787109375,8.0,35.0,0.0
871.64928150177,1.0,1114.2000000000012,1.0,1889.8758544921875,4.0,40.0,0.0
871.64928150177,1.0,1114.2000000000012,1.0,1920.070068359375,8.0,35.0,0.0
871.64928150177,1.0,1114.2000000000012,1.0,1932.513427734375,0.0,35.0,0.0
871.64928150177,1.0,1114.2000000000012,1.0,1947.6749267578125,8.0,35.0,0.0
871.64928150177,1.0,1114.2000000000012,1.0,1959.6837158203125,0.0,35.0,0.0
871.8403489589691,1.0,1130.4000000000012,1.0,1799.354248046875,-0.10264848172664642,89.97344207763672,2.1861376762390137
871.8403489589691,1.0,1130.4000000000012,1.0,1811.5361328125,8.0,35.0,0.0
871.8403489589691,1.0,1130.4000000000012,1.0,1870.5706787109375,8.0,35.0,0.0
871.8403489589691,1.0,1130.4000000000012,1.0,1897.8758544921875,4.0,40.0,0.0
871.8403489589691,1.0,1130.4000000000012,1.0,1927.070068359375,8.0,35.0,0.0
871.8403489589691,1.0,1130.4000000000012,1.0,1939.513427734375,0.0,35.0,0.0
871.8403489589691,1.0,1130.4000000000012,1.0,1954.6749267578125,8.0,35.0,0.0
871.8403489589691,1.0,1130.4000000000012,1.0,1966.6837158203125,0.0,35.0,0.0
871.8403489589691,1.0,1130.4000000000012,1.0,1983.2073974609375,8.0,35.0,0.0
871.8403489589691,1.0,1130.4000000000012,1.0,1997.4952392578125,0.0,35.0,0.0
872.047892332077,1.0,1146.6000000000013,1.0,1817.351806640625,0.1739615499973297,89.99864959716797,0.4934539198875427
872.047892332077,1.0,1146.6000000000013,1.0,1817.8695068359375,8.0,30.0,0.0
872.047892332077,1.0,1146.6000000000013,1.0,1876.9039306640625,8.0,30.0,0.0
872.047892332077,1.0,1146.6000000000013,1.0,1905.8758544921875,4.0,40.0,0.0
872.047892332077,1.0,1146.6000000000013,1.0,1933.4034423828125,8.0,30.0,0.0
872.047892332077,1.0,1146.6000000000013,1.0,1946.513427734375,0.0,35.0,0.0
872.047892332077,1.0,1146.6000000000013,1.0,1961.00830078125,8.0,30.0,0.0
872.047892332077,1.0,1146.6000000000013,1.0,1973.6837158203125,0.0,35.0,0.0
872.047892332077,1.0,1146.6000000000013,1.0,1989.5406494140625,8.0,30.0,0.0
872.047892332077,1.0,1146.6000000000013,1.0,2004.4952392578125,0.0,35.0,0.0
872.2382323741913,3.0,1166.6000000000013,1.0,1836.0184326171875,0.16196134686470032,99.99856567382812,-0.5359348654747009
872.2382323741913,3.0,1166.6000000000013,1.0,1883.5706787109375,8.0,35.0,0.0
872.2382323741913,3.0,1166.6000000000013,1.0,1913.8758544921875,4.0,40.0,0.0
872.2382323741913,3.0,1166.6000000000013,1.0,1940.070068359375,8.0,35.0,0.0
872.2382323741913,3.0,1166.6000000000013,1.0,1953.513427734375,0.0,35.0,0.0
872.2382323741913,3.0,1166.6000000000013,1.0,1967.6749267578125,8.0,35.0,0.0
872.2382323741913,3.0,1166.6000000000013,1.0,1980.6837158203125,0.0,35.0,0.0
872.2382323741913,3.0,1166.6000000000013,1.0,1996.2073974609375,8.0,35.0,0.0
872.2382323741913,3.0,1166.6000000000013,1.0,2011.4952392578125,0.0,35.0,0.0
872.2382323741913,3.0,1166.6000000000013,1.0,2027.8505859375,4.0,40.0,0.0
872.4414505958557,1.0,1186.6000000000013,1.0,1856.01806640625,0.0423295795917511,99.99846649169922,-0.5534852147102356
872.4414505958557,1.0,1186.6000000000013,1.0,1890.5706787109375,8.0,35.0,0.0
872.4414505958557,1.0,1186.6000000000013,1.0,1921.2091064453125,4.0,35.0,0.0
872.4414505958557,1.0,1186.6000000000013,1.0,1947.070068359375,8.0,35.0,0.0
872.4414505958557,1.0,1186.6000000000013,1.0,1960.513427734375,0.0,35.0,0.0
872.4414505958557,1.0,1186.6000000000013,1.0,1974.6749267578125,8.0,35.0,0.0
872.4414505958557,1.0,1186.6000000000013,1.0,1987.6837158203125,0.0,35.0,0.0
872.4414505958557,1.0,1186.6000000000013,1.0,2003.2073974609375,8.0,35.0,0.0
872.4414505958557,1.0,1186.6000000000013,1.0,2018.4952392578125,0.0,35.0,0.0
872.4414505958557,1.0,1186.6000000000013,1.0,2035.1839599609375,4.0,35.0,0.0
872.6377222537994,1.0,1206.6000000000013,1.0,1876.0179443359375,-0.034866057336330414,99.99984741210938,-0.17504127323627472
872.6377222537994,1.0,1206.6000000000013,1.0,1897.5706787109375,8.0,35.0,0.0
872.6377222537994,1.0,1206.6000000000013,1.0,1927.54248046875,4.0,30.0,0.0
872.6377222537994,1.0,1206.6000000000013,1.0,1954.070068359375,8.0,35.0,0.0
872.6377222537994,1.0,1206.6000000000013,1.0,1967.513427734375,0.0,35.0,0.0
872.6377222537994,1.0,1206.6000000000013,1.0,1981.6749267578125,8.0,35.0,0.0
872.6377222537994,1.0,1206.6000000000013,1.0,1994.6837158203125,0.0,35.0,0.0
872.6377222537994,1.0,1206.6000000000013,1.0,2010.2073974609375,8.0,35.0,0.0
872.6377222537994,1.0,1206.6000000000013,1.0,2025.4952392578125,0.0,35.0,0.0
872.6377222537994,1.0,1206.6000000000013,1.0,2041.5172119140625,4.0,30.0,0.0
872.8378973007202,1.0,1226.6000000000013,1.0,1896.017822265625,-0.041376493871212006,99.99995422363281,0.09780687093734741
872.8378973007202,1.0,1226.6000000000013,1.0,1904.5706787109375,8.0,35.0,0.0
872.8378973007202,1.0,1226.6000000000013,1.0,1933.54248046875,4.0,30.0,0.0
872.8378973007202,1.0,1226.6000000000013,1.0,1961.070068359375,8.0,35.0,0.0
872.8378973007202,1.0,1226.6000000000013,1.0,1974.513427734375,0.0,35.0,0.0
872.8378973007202,1.0,1226.6000000000013,1.0,1988.6749267578125,8.0,35.0,0.0
872.8378973007202,1.0,1226.6000000000013,1.0,2001.6837158203125,0.0,35.0,0.0
872.8378973007202,1.0,1226.6000000000013,1.0,2017.2073974609375,8.0,35.0,0.0
872.8378973007202,1.0,1226.6000000000013,1.0,2032.4952392578125,0.0,35.0,0.0
872.8378973007202,1.0,1226.6000000000013,1.0,2047.5172119140625,4.0,30.0,0.0
873.0342423915863,1.0,1246.6000000000013,1.0,1916.017822265625,-0.015158912166953087,99.9999008178711,0.13852520287036896
873.0342423915863,1.0,1246.6000000000013,1.0,1911.5706787109375,8.0,35.0,0.0
873.0342423915863,1.0,1246.6000000000013,1.0,1939.54248046875,4.0,30.0,0.0
873.0342423915863,1.0,1246.6000000000013,1.0,1968.070068359375,8.0,35.0,0.0
873.0342423915863,1.0,1246.6000000000013,1.0,1981.513427734375,0.0,35.0,0.0
873.0342423915863,1.0,1246.6000000000013,1.0,1995.6749267578125,8.0,35.0,0.0
873.0342423915863,1.0,1246.6000000000013,1.0,2008.6837158203125,0.0,35.0,0.0
873.0342423915863,1.0,1246.6000000000013,1.0,2024.2073974609375,8.0,35.0,0.0
873.0342423915863,1.0,1246.6000000000013,1.0,2039.4952392578125,0.0,35.0,0.0
873.0342423915863,1.0,1246.6000000000013,1.0,2053.517333984375,4.0,30.0,0.0
873.2328202724457,4.0,1262.8000000000013,1.0,1935.3511962890625,0.005235897842794657,89.99998474121094,0.05302271619439125
873.2328202724457,4.0,1262.8000000000013,1.0,1945.54248046875,4.0,30.0,0.0
873.2328202724457,4.0,1262.8000000000013,1.0,1975.070068359375,8.0,35.0,0.0
873.2328202724457,4.0,1262.8000000000013,1.0,1988.513427734375,0.0,35.0,0.0
873.2328202724457,4.0,1262.8000000000013,1.0,2002.6749267578125,8.0,35.0,0.0
873.2328202724457,4.0,1262.8000000000013,1.0,2015.6837158203125,0.0,35.0,0.0
873.2328202724457,4.0,1262.8000000000013,1.0,2031.2073974609375,8.0,35.0,0.0
873.2328202724457,4.0,1262.8000000000013,1.0,2046.4952392578125,0.0,35.0,0.0
873.2328202724457,4.0,1262.8000000000013,1.0,2059.517333984375,4.0,30.0,0.0
873.2328202724457,4.0,1262.8000000000013,1.0,2089.280517578125,4.0,30.0,0.0
873.4342660903931,4.0,1275.6000000000013,1.0,1952.6845703125,0.008859197609126568,80.0,-0.01230782549828291
873.4342660903931,4.0,1275.6000000000013,1.0,1951.54248046875,4.0,30.0,0.0
873.4342660903931,4.0,1275.6000000000013,1.0,1982.070068359375,8.0,35.0,0.0
873.4342660903931,4.0,1275.6000000000013,1.0,1995.513427734375,0.0,35.0,0.0
873.4342660903931,4.0,1275.6000000000013,1.0,2009.6749267578125,8.0,35.0,0.0
873.4342660903931,4.0,1275.6000000000013,1.0,2022.6837158203125,0.0,35.0,0.0
873.4342660903931,4.0,1275.6000000000013,1.0,2038.2073974609375,8.0,35.0,0.0
873.4342660903931,4.0,1275.6000000000013,1.0,2053.495361328125,0.0,35.0,0.0
873.4342660903931,4.0,1275.6000000000013,1.0,2065.517333984375,4.0,30.0,0.0
873.4342660903931,4.0,1275.6000000000013,1.0,2095.280517578125,4.0,30.0,0.0
873.6292912960052,1.0,1288.4000000000012,1.0,1968.6845703125,0.004115135874599218,79.99999237060547,-0.02879083715379238
873.6292912960052,1.0,1288.4000000000012,1.0,1989.73681640625,8.0,40.0,0.0
873.6292912960052,1.0,1288.4000000000012,1.0,2003.1800537109375,0.0,40.0,0.0
873.6292912960052,1.0,1288.4000000000012,1.0,2017.3416748046875,8.0,40.0,0.0
873.6292912960052,1.0,1288.4000000000012,1.0,2030.3504638671875,0.0,40.0,0.0
873.6292912960052,1.0,1288.4000000000012,1.0,2045.8740234375,8.0,40.0,0.0
873.6292912960052,1.0,1288.4000000000012,1.0,2061.161865234375,0.0,40.0,0.0
873.6292912960052,1.0,1288.4000000000012,1.0,2072.183837890625,4.0,35.0,0.0
873.6292912960052,1.0,1288.4000000000012,1.0,2101.947265625,4.0,35.0,0.0
873.6292912960052,1.0,1288.4000000000012,1.0,2251.77783203125,8.0,40.0,0.0
873.835355758667,2.0,1301.2000000000012,1.0,1984.6845703125,-0.000530093559063971,80.0,-0.015275421552360058
873.835355758667,2.0,1301.2000000000012,1.0,1997.73681640625,8.0,40.0,0.0
873.835355758667,2.0,1301.2000000000012,1.0,2011.1800537109375,0.0,40.0,0.0
873.835355758667,2.0,1301.2000000000012,1.0,2025.3416748046875,8.0,40.0,0.0
873.835355758667,2.0,1301.2000000000012,1.0,2038.3504638671875,0.0,40.0,0.0
873.835355758667,2.0,1301.2000000000012,1.0,2053.8740234375,8.0,40.0,0.0
873.835355758667,2.0,1301.2000000000012,1.0,2069.161865234375,0.0,40.0,0.0
873.835355758667,2.0,1301.2000000000012,1.0,2079.183837890625,4.0,35.0,0.0
873.835355758667,2.0,1301.2000000000012,1.0,2108.947265625,4.0,35.0,0.0
873.835355758667,2.0,1301.2000000000012,1.0,2259.77783203125,8.0,40.0,0.0
874.0305871963501,1.0,1314.0000000000011,1.0,2000.592041015625,1.564968466758728,79.00300598144531,12.590651512145996
874.0305871963501,1.0,1314.0000000000011,1.0,2005.070068359375,8.0,35.0,0.0
874.0305871963501,1.0,1314.0000000000011,1.0,2019.1800537109375,0.0,40.0,0.0
874.0305871963501,1.0,1314.0000000000011,1.0,2032.6749267578125,8.0,35.0,0.0
874.0305871963501,1.0,1314.0000000000011,1.0,2046.3504638671875,0.0,40.0,0.0
874.0305871963501,1.0,1314.0000000000011,1.0,2061.207275390625,8.0,35.0,0.0
874.0305871963501,1.0,1314.0000000000011,1.0,2077.161865234375,0.0,40.0,0.0
874.0305871963501,1.0,1314.0000000000011,1.0,2086.183837890625,4.0,35.0,0.0
874.0305871963501,1.0,1314.0000000000011,1.0,2115.947265625,4.0,35.0,0.0
874.0305871963501,1.0,1314.0000000000011,1.0,2267.111083984375,8.0,35.0,0.0
874.2253112792969,1.0,1326.800000000001,1.0,2016.4273681640625,3.8438374996185303,79.52766418457031,8.68047046661377
874.2253112792969,1.0,1326.800000000001,1.0,2011.4034423828125,8.0,30.0,0.0
874.2253112792969,1.0,1326.800000000001,1.0,2027.1800537109375,0.0,40.0,0.0
874.2253112792969,1.0,1326.800000000001,1.0,2039.00830078125,8.0,30.0,0.0
874.2253112792969,1.0,1326.800000000001,1.0,2054.350341796875,0.0,40.0,0.0
874.2253112792969,1.0,1326.800000000001,1.0,2067.540771484375,8.0,30.0,0.0
874.2253112792969,1.0,1326.800000000001,1.0,2085.161865234375,0.0,40.0,0.0
874.2253112792969,1.0,1326.800000000001,1.0,2093.183837890625,4.0,35.0,0.0
874.2253112792969,1.0,1326.800000000001,1.0,2122.947265625,4.0,35.0,0.0
874.2253112792969,1.0,1326.800000000001,1.0,2273.4443359375,8.0,30.0,0.0
874.4237759113312,3.0,1343.0000000000011,1.0,2033.0574951171875,4.863862991333008,89.98847198486328,1.440536379814148
874.4237759113312,3.0,1343.0000000000011,1.0,2035.1800537109375,0.0,40.0,0.0
874.4237759113312,3.0,1343.0000000000011,1.0,2045.00830078125,8.0,30.0,0.0
874.4237759113312,3.0,1343.0000000000011,1.0,2062.350341796875,0.0,40.0,0.0
874.4237759113312,3.0,1343.0000000000011,1.0,2073.540771484375,8.0,30.0,0.0
874.4237759113312,3.0,1343.0000000000011,1.0,2093.161865234375,0.0,40.0,0.0
874.4237759113312,3.0,1343.0000000000011,1.0,2100.183837890625,4.0,35.0,0.0
874.4237759113312,3.0,1343.0000000000011,1.0,2129.947265625,4.0,35.0,0.0
874.4237759113312,3.0,1343.0000000000011,1.0,2279.4443359375,8.0,30.0,0.0
874.4237759113312,3.0,1343.0000000000011,0.0,0.0,0.0,0.0,0.0
874.6238329410553,1.0,1359.2000000000012,1.0,2051.05517578125,4.693089008331299,89.96196746826172,-2.616297483444214
874.6238329410553,1.0,1359.2000000000012,1.0,2051.00830078125,8.0,30.0,0.0
874.6238329410553,1.0,1359.2000000000012,1.0,2042.513427734375,0.0,35.0,0.0
874.6238329410553,1.0,1359.2000000000012,1.0,2069.683837890625,0.0,35.0,0.0
874.6238329410553,1.0,1359.2000000000012,1.0,2079.540771484375,8.0,30.0,0.0
874.6238329410553,1.0,1359.2000000000012,1.0,2100.495361328125,0.0,35.0,0.0
874.6238329410553,1.0,1359.2000000000012,1.0,2107.183837890625,4.0,35.0,0.0
874.6238329410553,1.0,1359.2000000000012,1.0,2136.947265625,4.0,35.0,0.0
874.6238329410553,1.0,1359.2000000000012,1.0,2285.4443359375,8.0,30.0,0.0
874.6238329410553,1.0,1359.2000000000012,0.0,0.0,0.0,0.0,0.0
874.8302962779999,1.0,1375.4000000000012,1.0,2069.046875,4.146024703979492,89.9682388305664,-2.390737533569336
874.8302962779999,1.0,1375.4000000000012,1.0,2076.683837890625,0.0,35.0,0.0
874.8302962779999,1.0,1375.4000000000012,1.0,2085.540771484375,8.0,30.0,0.0
874.8302962779999,1.0,1375.4000000000012,1.0,2107.495361328125,0.0,35.0,0.0
874.8302962779999,1.0,1375.4000000000012,1.0,2114.183837890625,4.0,35.0,0.0
874.8302962779999,1.0,1375.4000000000012,1.0,2143.947265625,4.0,35.0,0.0
874.8302962779999,1.0,1375.4000000000012,1.0,2291.4443359375,8.0,30.0,0.0
874.8302962779999,1.0,1375.4000000000012,0.0,0.0,0.0,0.0,0.0
874.8302962779999,1.0,1375.4000000000012,0.0,0.0,0.0,0.0,0.0
874.8302962779999,1.0,1375.4000000000012,0.0,0.0,0.0,0.0,0.0
875.0303523540497,4.0,1388.2000000000012,1.0,2086.377197265625,3.8414807319641113,79.99797058105469,-0.5695016980171204
875.0303523540497,4.0,1388.2000000000012,1.0,2083.683837890625,0.0,35.0,0.0
875.0303523540497,4.0,1388.2000000000012,1.0,2091.540771484375,8.0,30.0,0.0
875.0303523540497,4.0,1388.2000000000012,1.0,2114.495361328125,0.0,35.0,0.0
875.0303523540497,4.0,1388.2000000000012,1.0,2121.183837890625,4.0,35.0,0.0
875.0303523540497,4.0,1388.2000000000012,1.0,2150.947265625,4.0,35.0,0.0
875.0303523540497,4.0,1388.2000000000012,1.0,2297.4443359375,8.0,30.0,0.0
875.0303523540497,4.0,1388.2000000000012,0.0,0.0,0.0,0.0,0.0
875.0303523540497,4.0,1388.2000000000012,0.0,0.0,0.0,0.0,0.0
875.0303523540497,4.0,1388.2000000000012,0.0,0.0,0.0,0.0,0.0
875.2303040027618,4.0,1401.0000000000011,1.0,2102.377197265625,3.8428022861480713,79.99873352050781,0.45007458329200745
875.2303040027618,4.0,1401.0000000000011,1.0,2097.540771484375,8.0,30.0,0.0
875.2303040027618,4.0,1401.0000000000011,1.0,2120.82861328125,0.0,30.0,0.0
875.2303040027618,4.0,1401.0000000000011,1.0,2128.183837890625,4.0,35.0,0.0
875.2303040027618,4.0,1401.0000000000011,1.0,2157.947265625,4.0,35.0,0.0
875.2303040027618,4.0,1401.0000000000011,1.0,2303.4443359375,8.0,30.0,0.0
875.2303040027618,4.0,1401.0000000000011,0.0,0.0,0.0,0.0,0.0
875.2303040027618,4.0,1401.0000000000011,0.0,0.0,0.0,0.0,0.0
875.2303040027618,4.0,1401.0000000000011,0.0,0.0,0.0,0.0,0.0
875.2303040027618,4.0,1401.0000000000011,0.0,0.0,0.0,0.0,0.0
875.4229910373688,4.0,1410.800000000001,1.0,2117.710205078125,3.9479217529296875,69.99833679199219,0.4823375642299652
875.4229910373688,4.0,1410.800000000001,1.0,2126.161865234375,0.0,25.0,0.0
875.4229910373688,4.0,1410.800000000001,1.0,2135.183837890625,4.0,35.0,0.0
875.4229910373688,4.0,1410.800000000001,1.0,2164.947265625,4.0,35.0,0.0
875.4229910373688,4.0,1410.800000000001,1.0,2309.4443359375,8.0,30.0,0.0
875.4229910373688,4.0,1410.800000000001,0.0,0.0,0.0,0.0,0.0
875.4229910373688,4.0,1410.800000000001,0.0,0.0,0.0,0.0,0.0
875.4229910373688,4.0,1410.800000000001,0.0,0.0,0.0,0.0,0.0
875.4229910373688,4.0,1410.800000000001,0.0,0.0,0.0,0.0,0.0
875.4229910373688,4.0,1410.800000000001,0.0,0.0,0.0,0.0,0.0
875.6273860931396,2.0,1420.600000000001,1.0,2131.592041015625,5.6386590003967285,68.83869934082031,12.697775840759277
875.6273860931396,2.0,1420.600000000001,1.0,2131.161865234375,0.0,25.0,0.0
875.6273860931396,2.0,1420.600000000001,1.0,2142.183837890625,4.0,35.0,0.0
875.6273860931396,2.0,1420.600000000001,1.0,2171.947265625,4.0,35.0,0.0
875.6273860931396,2.0,1420.600000000001,1.0,2315.4443359375,8.0,30.0,0.0
875.6273860931396,2.0,1420.600000000001,0.0,0.0,0.0,0.0,0.0
875.6273860931396,2.0,1420.600000000001,0.0,0.0,0.0,0.0,0.0
875.6273860931396,2.0,1420.600000000001,0.0,0.0,0.0,0.0,0.0
875.6273860931396,2.0,1420.600000000001,0.0,0.0,0.0,0.0,0.0
875.6273860931396,2.0,1420.600000000001,0.0,0.0,0.0,0.0,0.0
875.8285176753998,1.0,1430.400000000001,1.0,2145.40869140625,7.882261276245117,69.48491668701172,8.476251602172852
875.8285176753998,1.0,1430.400000000001,1.0,2149.8505859375,4.0,40.0,0.0
875.8285176753998,1.0,1430.400000000001,1.0,2135.495361328125,0.0,20.0,0.0
875.8285176753998,1.0,1430.400000000001,1.0,2179.61376953125,4.0,40.0,0.0
875.8285176753998,1.0,1430.400000000001,1.0,2321.4443359375,8.0,30.0,0.0
875.8285176753998,1.0,1430.400000000001,0.0,0.0,0.0,0.0,0.0
875.8285176753998,1.0,1430.400000000001,0.0,0.0,0.0,0.0,0.0
875.8285176753998,1.0,1430.400000000001,0.0,0.0,0.0,0.0,0.0
875.8285176753998,1.0,1430.400000000001,0.0,0.0,0.0,0.0,0.0
875.8285176753998,1.0,1430.400000000001,0.0,0.0,0.0,0.0,0.0
876.0283172130585,1.0,1440.200000000001,1.0,2159.373046875,8.795855522155762,69.99104309082031,1.119983434677124
876.0283172130585,1.0,1440.200000000001,1.0,2157.8505859375,4.0,40.0,0.0
876.0283172130585,1.0,1440.200000000001,1.0,2187.61376953125,4.0,40.0,0.0
876.0283172130585,1.0,1440.200000000001,1.0,2326.77783203125,8.0,25.0,0.0
876.0283172130585,1.0,1440.200000000001,0.0,0.0,0.0,0.0,0.0
876.0283172130585,1.0,1440.200000000001,0.0,0.0,0.0,0.0,0.0
876.0283172130585,1.0,1440.200000000001,0.0,0.0,0.0,0.0,0.0
876.0283172130585,1.0,1440.200000000001,0.0,0.0,0.0,0.0,0.0
876.0283172130585,1.0,1440.200000000001,0.0,0.0,0.0,0.0,0.0
876.0283172130585,1.0,1440.200000000001,0.0,0.0,0.0,0.0,0.0
876.2263534069061,3.0,1450.000000000001,1.0,2173.370361328125,8.591135025024414,69.95970153808594,-2.3748600482940674
876.2263534069061,3.0,1450.000000000001,1.0,2165.183837890625,4.0,35.0,0.0
876.2263534069061,3.0,1450.000000000001,1.0,2194.947265625,4.0,35.0,0.0
876.2263534069061,3.0,1450.000000000001,1.0,2331.77783203125,8.0,25.0,0.0
876.2263534069061,3.0,1450.000000000001,0.0,0.0,0.0,0.0,0.0
876.2263534069061,3.0,1450.000000000001,0.0,0.0,0.0,0.0,0.0
876.2263534069061,3.0,1450.000000000001,0.0,0.0,0.0,0.0,0.0
876.2263534069061,3.0,1450.000000000001,0.0,0.0,0.0,0.0,0.0
876.2263534069061,3.0,1450.000000000001,0.0,0.0,0.0,0.0,0.0
876.2263534069061,3.0,1450.000000000001,0.0,0.0,0.0,0.0,0.0
876.4262671470642,3.0,1462.8000000000009,1.0,2188.028564453125,8.093091011047363,79.96804809570312,-2.2607476711273193
876.4262671470642,3.0,1462.8000000000009,1.0,2201.947265625,4.0,35.0,0.0
876.4262671470642,3.0,1462.8000000000009,1.0,2337.4443359375,8.0,30.0,0.0
876.4262671470642,3.0,1462.8000000000009,0.0,0.0,0.0,0.0,0.0
876.4262671470642,3.0,1462.8000000000009,0.0,0.0,0.0,0.0,0.0
876.4262671470642,3.0,1462.8000000000009,0.0,0.0,0.0,0.0,0.0
876.4262671470642,3.0,1462.8000000000009,0.0,0.0,0.0,0.0,0.0
876.4262671470642,3.0,1462.8000000000009,0.0,0.0,0.0,0.0,0.0
876.4262671470642,3.0,1462.8000000000009,0.0,0.0,0.0,0.0,0.0
876.4262671470642,3.0,1462.8000000000009,0.0,0.0,0.0,0.0,0.0
876.6262753009796,3.0,1479.000000000001,1.0,2204.6923828125,7.806735515594482,89.9983139038086,-0.5506742596626282
876.6262753009796,3.0,1479.000000000001,1.0,2208.947265625,4.0,35.0,0.0
876.6262753009796,3.0,1479.000000000001,1.0,2343.4443359375,8.0,30.0,0.0
876.6262753009796,3.0,1479.000000000001,0.0,0.0,0.0,0.0,0.0
876.6262753009796,3.0,1479.000000000001,0.0,0.0,0.0,0.0,0.0
876.6262753009796,3.0,1479.000000000001,0.0,0.0,0.0,0.0,0.0
876.6262753009796,3.0,1479.000000000001,0.0,0.0,0.0,0.0,0.0
876.6262753009796,3.0,1479.000000000001,0.0,0.0,0.0,0.0,0.0
876.6262753009796,3.0,1479.000000000001,0.0,0.0,0.0,0.0,0.0
876.6262753009796,3.0,1479.000000000001,0.0,0.0,0.0,0.0,0.0
876.8212752342224,3.0,1499.000000000001,1.0,2223.35888671875,7.819789886474609,99.99822998046875,0.5951640605926514
876.8212752342224,3.0,1499.000000000001,1.0,2216.61376953125,4.0,40.0,0.0
876.8212752342224,3.0,1499.000000000001,1.0,2349.4443359375,8.0,30.0,0.0
876.8212752342224,3.0,1499.000000000001,0.0,0.0,0.0,0.0,0.0
876.8212752342224,3.0,1499.000000000001,0.0,0.0,0.0,0.0,0.0
876.8212752342224,3.0,1499.000000000001,0.0,0.0,0.0,0.0,0.0
876.8212752342224,3.0,1499.000000000001,0.0,0.0,0.0,0.0,0.0
876.8212752342224,3.0,1499.000000000001,0.0,0.0,0.0,0.0,0.0
876.8212752342224,3.0,1499.000000000001,0.0,0.0,0.0,0.0,0.0
876.8212752342224,3.0,1499.000000000001,0.0,0.0,0.0,0.0,0.0
877.0215861797333,1.0,1519.000000000001,1.0,2243.358642578125,7.952772617340088,99.99810791015625,0.615763247013092
877.0215861797333,1.0,1519.000000000001,1.0,2355.4443359375,8.0,30.0,0.0
877.0215861797333,1.0,1519.000000000001,0.0,0.0,0.0,0.0,0.0
877.0215861797333,1.0,1519.000000000001,0.0,0.0,0.0,0.0,0.0
877.0215861797333,1.0,1519.000000000001,0.0,0.0,0.0,0.0,0.0
877.0215861797333,1.0,1519.000000000001,0.0,0.0,0.0,0.0,0.0
877.0215861797333,1.0,1519.000000000001,0.0,0.0,0.0,0.0,0.0
877.0215861797333,1.0,1519.000000000001,0.0,0.0,0.0,0.0,0.0
877.0215861797333,1.0,1519.000000000001,0.0,0.0,0.0,0.0,0.0
877.0215861797333,1.0,1519.000000000001,0.0,0.0,0.0,0.0,0.0
877.2234215736389,1.0,1539.000000000001,1.0,2263.3583984375,8.038703918457031,99.99980926513672,0.19516530632972717
877.2234215736389,1.0,1539.000000000001,1.0,2360.77783203125,8.0,25.0,0.0
877.2234215736389,1.0,1539.000000000001,0.0,0.0,0.0,0.0,0.0
877.2234215736389,1.0,1539.000000000001,0.0,0.0,0.0,0.0,0.0
877.2234215736389,1.0,1539.000000000001,0.0,0.0,0.0,0.0,0.0
877.2234215736389,1.0,1539.000000000001,0.0,0.0,0.0,0.0,0.0
877.2234215736389,1.0,1539.000000000001,0.0,0.0,0.0,0.0,0.0
877.2234215736389,1.0,1539.000000000001,0.0,0.0,0.0,0.0,0.0
877.2234215736389,1.0,1539.000000000001,0.0,0.0,0.0,0.0,0.0
877.2234215736389,1.0,1539.000000000001,0.0,0.0,0.0,0.0,0.0
877.4172697067261,1.0,1559.000000000001,1.0,2283.3583984375,8.046026229858398,99.99993896484375,-0.1085113137960434
877.4172697067261,1.0,1559.000000000001,1.0,2366.4443359375,8.0,30.0,0.0
877.4172697067261,1.0,1559.000000000001,0.0,0.0,0.0,0.0,0.0
877.4172697067261,1.0,1559.000000000001,0.0,0.0,0.0,0.0,0.0
877.4172697067261,1.0,1559.000000000001,0.0,0.0,0.0,0.0,0.0
877.4172697067261,1.0,1559.000000000001,0.0,0.0,0.0,0.0,0.0
877.4172697067261,1.0,1559.000000000001,0.0,0.0,0.0,0.0,0.0
877.4172697067261,1.0,1559.000000000001,0.0,0.0,0.0,0.0,0.0
877.4172697067261,1.0,1559.000000000001,0.0,0.0,0.0,0.0,0.0
877.4172697067261,1.0,1559.000000000001,0.0,0.0,0.0,0.0,0.0
877.6176221370697,1.0,1579.000000000001,1.0,2303.3583984375,8.016894340515137,99.9998779296875,-0.1540716290473938
877.6176221370697,1.0,1579.000000000001,1.0,2372.4443359375,8.0,30.0,0.0
877.6176221370697,1.0,1579.000000000001,0.0,0.0,0.0,0.0,0.0
877.6176221370697,1.0,1579.000000000001,0.0,0.0,0.0,0.0,0.0
877.6176221370697,1.0,1579.000000000001,0.0,0.0,0.0,0.0,0.0
877.6176221370697,1.0,1579.000000000001,0.0,0.0,0.0,0.0,0.0
877.6176221370697,1.0,1579.000000000001,0.0,0.0,0.0,0.0,0.0
877.6176221370697,1.0,1579.000000000001,0.0,0.0,0.0,0.0,0.0
877.6176221370697,1.0,1579.000000000001,0.0,0.0,0.0,0.0,0.0
877.6176221370697,1.0,1579.000000000001,0.0,0.0,0.0,0.0,0.0
877.8215789794922,4.0,1595.200000000001,1.0,2322.691650390625,7.994198322296143,89.9999771118164,-0.05907534435391426
877.8215789794922,4.0,1595.200000000001,1.0,2378.4443359375,8.0,30.0,0.0
877.8215789794922,4.0,1595.200000000001,0.0,0.0,0.0,0.0,0.0
877.8215789794922,4.0,1595.200000000001,0.0,0.0,0.0,0.0,0.0
877.8215789794922,4.0,1595.200000000001,0.0,0.0,0.0,0.0,0.0
877.8215789794922,4.0,1595.200000000001,0.0,0.0,0.0,0.0,0.0
877.8215789794922,4.0,1595.200000000001,0.0,0.0,0.0,0.0,0.0
877.8215789794922,4.0,1595.200000000001,0.0,0.0,0.0,0.0,0.0
877.8215789794922,4.0,1595.200000000001,0.0,0.0,0.0,0.0,0.0
877.8215789794922,4.0,1595.200000000001,0.0,0.0,0.0,0.0,0.0
878.0206191539764,0.0,1611.400000000001,1.0,2340.691650390625,7.9899725914001465,90.0,0.01373831182718277
878.0206191539764,0.0,1611.400000000001,1.0,2384.4443359375,8.0,30.0,0.0
878.0206191539764,0.0,1611.400000000001,0.0,0.0,0.0,0.0,0.0
878.0206191539764,0.0,1611.400000000001,0.0,0.0,0.0,0.0,0.0
878.0206191539764,0.0,1611.400000000001,0.0,0.0,0.0,0.0,0.0
878.0206191539764,0.0,1611.400000000001,0.0,0.0,0.0,0.0,0.0
878.0206191539764,0.0,1611.400000000001,0.0,0.0,0.0,0.0,0.0
878.0206191539764,0.0,1611.400000000001,0.0,0.0,0.0,0.0,0.0
878.0206191539764,0.0,1611.400000000001,0.0,0.0,0.0,0.0,0.0
878.0206191539764,0.0,1611.400000000001,0.0,0.0,0.0,0.0,0.0
878.2196373939514,1.0,1627.600000000001,1.0,2358.612548828125,6.470189571380615,89.10891723632812,-12.633322715759277
878.2196373939514,1.0,1627.600000000001,1.0,2390.4443359375,8.0,30.0,0.0
878.2196373939514,1.0,1627.600000000001,0.0,0.0,0.0,0.0,0.0
878.2196373939514,1.0,1627.600000000001,0.0,0.0,0.0,0.0,0.0
878.2196373939514,1.0,1627.600000000001,0.0,0.0,0.0,0.0,0.0
878.2196373939514,1.0,1627.600000000001,0.0,0.0,0.0,0.0,0.0
878.2196373939514,1.0,1627.600000000001,0.0,0.0,0.0,0.0,0.0
878.2196373939514,1.0,1627.600000000001,0.0,0.0,0.0,0.0,0.0
878.2196373939514,1.0,1627.600000000001,0.0,0.0,0.0,0.0,0.0
878.2196373939514,1.0,1627.600000000001,0.0,0.0,0.0,0.0,0.0
878.412415266037,1.0,1643.800000000001,1.0,2376.46240234375,4.1602301597595215,89.57038116455078,-8.783361434936523
878.412415266037,1.0,1643.800000000001,1.0,2396.4443359375,8.0,30.0,0.0
878.412415266037,1.0,1643.800000000001,0.0,0.0,0.0,0.0,0.0
878.412415266037,1.0,1643.800000000001,0.0,0.0,0.0,0.0,0.0
878.412415266037,1.0,1643.800000000001,0.0,0.0,0.0,0.0,0.0
878.412415266037,1.0,1643.800000000001,0.0,0.0,0.0,0.0,0.0
878.412415266037,1.0,1643.800000000001,0.0,0.0,0.0,0.0,0.0
878.412415266037,1.0,1643.800000000001,0.0,0.0,0.0,0.0,0.0
878.412415266037,1.0,1643.800000000001,0.0,0.0,0.0,0.0,0.0
878.412415266037,1.0,1643.800000000001,0.0,0.0,0.0,0.0,0.0
878.6173887252808,1.0,1660.0000000000011,1.0,2394.4287109375,3.143775701522827,89.99215698242188,-1.1881189346313477
878.6173887252808,1.0,1660.0000000000011,1.0,2402.4443359375,8.0,30.0,0.0
878.6173887252808,1.0,1660.0000000000011,0.0,0.0,0.0,0.0,0.0
878.6173887252808,1.0,1660.0000000000011,0.0,0.0,0.0,0.0,0.0
878.6173887252808,1.0,1660.0000000000011,0.0,0.0,0.0,0.0,0.0
878.6173887252808,1.0,1660.0000000000011,0.0,0.0,0.0,0.0,0.0
878.6173887252808,1.0,1660.0000000000011,0.0,0.0,0.0,0.0,0.0
878.6173887252808,1.0,1660.0000000000011,0.0,0.0,0.0,0.0,0.0
878.6173887252808,1.0,1660.0000000000011,0.0,0.0,0.0,0.0,0.0
878.6173887252808,1.0,1660.0000000000011,0.0,0.0,0.0,0.0,0.0
878.814784526825,1.0,1676.2000000000012,1.0,2412.426513671875,3.3390917778015137,89.96209716796875,2.6116397380828857
878.814784526825,1.0,1676.2000000000012,1.0,2409.111083984375,8.0,35.0,0.0
878.814784526825,1.0,1676.2000000000012,0.0,0.0,0.0,0.0,0.0
878.814784526825,1.0,1676.2000000000012,0.0,0.0,0.0,0.0,0.0
878.814784526825,1.0,1676.2000000000012,0.0,0.0,0.0,0.0,0.0
878.814784526825,1.0,1676.2000000000012,0.0,0.0,0.0,0.0,0.0
878.814784526825,1.0,1676.2000000000012,0.0,0.0,0.0,0.0,0.0
878.814784526825,1.0,1676.2000000000012,0.0,0.0,0.0,0.0,0.0
878.814784526825,1.0,1676.2000000000012,0.0,0.0,0.0,0.0,0.0
878.814784526825,1.0,1676.2000000000012,0.0,0.0,0.0,0.0,0.0
879.0158295631409,1.0,1692.4000000000012,1.0,2430.41845703125,3.873457193374634,89.97089385986328,2.2887847423553467
879.0158295631409,1.0,1692.4000000000012,0.0,0.0,0.0,0.0,0.0
879.0158295631409,1.0,1692.4000000000012,0.0,0.0,0.0,0.0,0.0
879.0158295631409,1.0,1692.4000000000012,0.0,0.0,0.0,0.0,0.0
879.0158295631409,1.0,1692.4000000000012,0.0,0.0,0.0,0.0,0.0
879.0158295631409,1.0,1692.4000000000012,0.0,0.0,0.0,0.0,0.0
879.0158295631409,1.0,1692.4000000000012,0.0,0.0,0.0,0.0,0.0
879.0158295631409,1.0,1692.4000000000012,0.0,0.0,0.0,0.0,0.0
879.0158295631409,1.0,1692.4000000000012,0.0,0.0,0.0,0.0,0.0
879.0158295631409,1.0,1692.4000000000012,0.0,0.0,0.0,0.0,0.0
879.2148399353027,1.0,1708.6000000000013,1.0,2448.415771484375,4.170281887054443,89.99815368652344,0.5768444538116455
879.2148399353027,1.0,1708.6000000000013,0.0,0.0,0.0,0.0,0.0
879.2148399353027,1.0,1708.6000000000013,0.0,0.0,0.0,0.0,0.0
879.2148399353027,1.0,1708.6000000000013,0.0,0.0,0.0,0.0,0.0
879.2148399353027,1.0,1708.6000000000013,0.0,0.0,0.0,0.0,0.0
879.2148399353027,1.0,1708.6000000000013,0.0,0.0,0.0,0.0,0.0
879.2148399353027,1.0,1708.6000000000013,0.0,0.0,0.0,0.0,0.0
879.2148399353027,1.0,1708.6000000000013,0.0,0.0,0.0,0.0,0.0
879.2148399353027,1.0,1708.6000000000013,0.0,0.0,0.0,0.0,0.0
879.2148399353027,1.0,1708.6000000000013,0.0,0.0,0.0,0.0,0.0
879.4109058380127,1.0,1724.8000000000013,1.0,2466.415771484375,4.168494701385498,89.99864959716797,-0.4928765296936035
879.4109058380127,1.0,1724.8000000000013,0.0,0.0,0.0,0.0,0.0
879.4109058380127,1.0,1724.8000000000013,0.0,0.0,0.0,0.0,0.0
879.4109058380127,1.0,1724.8000000000013,0.0,0.0,0.0,0.0,0.0
879.4109058380127,1.0,1724.8000000000013,0.0,0.0,0.0,0.0,0.0
879.4109058380127,1.0,1724.8000000000013,0.0,0.0,0.0,0.0,0.0
879.4109058380127,1.0,1724.8000000000013,0.0,0.0,0.0,0.0,0.0
879.4109058380127,1.0,1724.8000000000013,0.0,0.0,0.0,0.0,0.0
879.4109058380127,1.0,1724.8000000000013,0.0,0.0,0.0,0.0,0.0
879.4109058380127,1.0,1724.8000000000013,0.0,0.0,0.0,0.0,0.0
879.6143484115601,1.0,1741.0000000000014,1.0,2484.415283203125,4.05106782913208,89.9981918334961,-0.5701004266738892
879.6143484115601,1.0,1741.0000000000014,0.0,0.0,0.0,0.0,0.0
879.6143484115601,1.0,1741.0000000000014,0.0,0.0,0.0,0.0,0.0
879.6143484115601,1.0,1741.0000000000014,0.0,0.0,0.0,0.0,0.0
879.6143484115601,1.0,1741.0000000000014,0.0,0.0,0.0,0.0,0.0
879.6143484115601,1.0,1741.0000000000014,0.0,0.0,0.0,0.0,0.0
879.6143484115601,1.0,1741.0000000000014,0.0,0.0,0.0,0.0,0.0
879.6143484115601,1.0,1741.0000000000014,0.0,0.0,0.0,0.0,0.0
879.6143484115601,1.0,1741.0000000000014,0.0,0.0,0.0,0.0,0.0
879.6143484115601,1.0,1741.0000000000014,0.0,0.0,0.0,0.0,0.0
879.8142256736755,1.0,1757.2000000000014,1.0,2502.4150390625,3.9697303771972656,89.99976348876953,-0.20538321137428284
879.8142256736755,1.0,1757.2000000000014,0.0,0.0,0.0,0.0,0.0
879.8142256736755,1.0,1757.2000000000014,0.0,0.0,0.0,0.0,0.0
879.8142256736755,1.0,1757.2000000000014,0.0,0.0,0.0,0.0,0.0
879.8142256736755,1.0,1757.2000000000014,0.0,0.0,0.0,0.0,0.0
879.8142256736755,1.0,1757.2000000000014,0.0,0.0,0.0,0.0,0.0
879.8142256736755,1.0,1757.2000000000014,0.0,0.0,0.0,0.0,0.0
879.8142256736755,1.0,1757.2000000000014,0.0,0.0,0.0,0.0,0.0
879.8142256736755,1.0,1757.2000000000014,0.0,0.0,0.0,0.0,0.0
879.8142256736755,1.0,1757.2000000000014,0.0,0.0,0.0,0.0,0.0
880.0134806632996,1.0,1773.4000000000015,1.0,2520.4150390625,3.958865165710449,89.99996185302734,0.07964546233415604
880.0134806632996,1.0,1773.4000000000015,0.0,0.0,0.0,0.0,0.0
880.0134806632996,1.0,1773.4000000000015,0.0,0.0,0.0,0.0,0.0
880.0134806632996,1.0,1773.4000000000015,0.0,0.0,0.0,0.0,0.0
880.0134806632996,1.0,1773.4000000000015,0.0,0.0,0.0,0.0,0.0
880.0134806632996,1.0,1773.4000000000015,0.0,0.0,0.0,0.0,0.0
880.0134806632996,1.0,1773.4000000000015,0.0,0.0,0.0,0.0,0.0
880.0134806632996,1.0,1773.4000000000015,0.0,0.0,0.0,0.0,0.0
880.0134806632996,1.0,1773.4000000000015,0.0,0.0,0.0,0.0,0.0
880.0134806632996,1.0,1773.4000000000015,0.0,0.0,0.0,0.0,0.0
880.2120070457458,1.0,1789.6000000000015,1.0,2538.4150390625,3.98310923576355,89.9999008178711,0.1360277682542801
880.2120070457458,1.0,1789.6000000000015,0.0,0.0,0.0,0.0,0.0
880.2120070457458,1.0,1789.6000000000015,0.0,0.0,0.0,0.0,0.0
880.2120070457458,1.0,1789.6000000000015,0.0,0.0,0.0,0.0,0.0
880.2120070457458,1.0,1789.6000000000015,0.0,0.0,0.0,0.0,0.0
880.2120070457458,1.0,1789.6000000000015,0.0,0.0,0.0,0.0,0.0
880.2120070457458,1.0,1789.6000000000015,0.0,0.0,0.0,0.0,0.0
880.2120070457458,1.0,1789.6000000000015,0.0,0.0,0.0,0.0,0.0
880.2120070457458,1.0,1789.6000000000015,0.0,0.0,0.0,0.0,0.0
880.2120070457458,1.0,1789.6000000000015,0.0,0.0,0.0,0.0,0.0
